
Values: 274.810791,137.878418,168.060302,140.502928,210.083007,128.479005,167.266847,128.845216,150.543212,161.468506,160.736083,173.278809,123.168947,134.399414,296.905518,149.169922,147.613526,149.108886,166.198731,177.55127,140.502931,154.449463,196.899414,227.508545,234.283448,145.477295,165.31372,126.556395,143.890382,153.59497,153.472901,171.569824,170.623779,147.705078,142.089844,133.57544,152.770997,251.678467,126.617431,149.444581,167.938232,176.391603,152.496337,174.987792,131.866455,129.943846,150.84839,197.479248,121.734621,120.086672,156.005859,136.383056,149.96338,161.712649,136.260988,157.958984,131.256102,212.066652,128.967284,155.059815,218.292237,229.461669,178.80249,200.958255,180.786132,226.287842,251.220704,185.638428,227.996826,203.643799,190.612793,194.976807,190.76538,208.190916,199.127197,183.746339,207.641602,188.537599,187.22534,182.708741,212.371826,186.035156,214.263916,198.57788,179.93164,237.091065,203.613282,158.14209,185.943604,174.072265,222.656249
Total: 15892.822276999997
Mean: 174.6463986483516
Stddev: 29.609870866320488