
Values: 50.231934,29.235841,32.37915,23.284912,44.37256,44.525145,29.205324,64.544676,41.137694,28.503418,42.022703,50.811766,41.351318,31.188966,24.505614,95.214843,43.121338,30.548096,31.768799,48.797606,32.043456,61.523436,53.710938,45.715333,51.300048,28.808593,67.840576,49.255371,30.883787,37.323,32.25708,54.351807,31.707761,54.962158,28.198242,58.929441,40.06958,39.855957,31.494142,39.306639,39.33716,33.966064,28.59497,38.482666,35.858155,71.472168,23.986817,45.043946,39.520262,21.881102,29.754638,34.057617,38.208006,26.458739,42.938231,32.806397,44.12842,32.470702,63.171386,49.560548,55.969239,50.872802,50.598143,57.250975,59.967042,44.708252,76.080322,49.346925,50.201415,39.520264,41.44287,44.708251,43.609619,40.557863,54.473876,47.607421,40.740966,34.51538,52.215578,43.579099,54.840088,55.114747,35.461426,60.760498,49.804688,34.790037,50.476073,46.966553,41.900635,42.968749,34.42383
Total: 3953.4606679999993
Mean: 43.44462272527472
Stddev: 9.756957308537622