
Values: 0.0,0.793457,0.152588,0.274658,0.183106,0.183105,0.244141,0.213623,0.427246,0.152588,0.396728,0.183105,0.152588,0.335693,0.183106,0.183106,0.213623,0.88501,0.213623,0.183105,0.244141,0.213623,0.183105,0.76294,0.213623,0.183105,0.152588,0.213623,0.152588,0.24414,0.183106,0.152588,0.213623,0.152588,0.183105,0.183105,0.183105,0.183105,0.213623,0.244141,0.213623,0.183106,0.396729,0.274658,0.183106,0.183106,0.183106,0.183106,0.152588,0.183105,0.152588,0.12207,0.213623,1.89209,0.183106,0.213623,0.152588,0.122071,0.152588,1.52588,0.213623,0.518799,0.213623,0.335694,0.274658,0.488281,0.823975,0.24414,0.244141,0.518799,0.12207,0.152588,0.152588,0.213623,0.213624,0.152588,0.274659,0.183105,0.152588,0.213623,0.152588,0.671387,0.183106,0.488281,1.007081,0.183105,1.800537,0.152588,0.213623,0.183106,0.152588
Total: 27.771003000000007
Mean: 0.3051758571428572
Stddev: 0.1884712433281005