
Values: 481.872559,6.530762,1248.291016,693.481444,5.096436,1889.312743,931.152343,15.930177,1919.921876,659.149171,11.413573,1661.621095,763.153077,11.932373,1397.186278,1438.751221,13.031006,1347.839356,1238.586425,13.580323,1082.702636,976.257323,13.183594,1165.954592,1178.009036,33.53882,862.609863,940.032958,2.807617,715.820314,770.690917,11.169434,768.768311,684.570315,8.056641,513.09204,643.035888,5.950928,486.816406,554.504395,4.119873,600.738526,386.016846,3.967286,360.778807,486.846925,2.319335,306.732178,282.104494,15.045166,352.142334,407.135009,25.543212,409.332274,406.646729,2.227783,204.437257,225.799561,16.876219,387.542725,383.514403,82.855223,369.995118,373.718262,8.422852,280.761718,329.162598,1.800537,164.672851,25.421141,102.264402,78.155517,51.940916,45.471189,35.430907,34.057616,93.566896,43.09082,147.399903,11.230468,67.169189,17.150879,13.214111,6.805421,902.954102,2005.554199,812.86621,16.540528,2018.218994
Total: 40575.16479100001
Mean: 455.9007279887642
Stddev: 422.373899558894