
Values: 355.773925,664.855957,224.822997,1440.216064,971.435548,205.718995,2098.297119,1208.251954,217.773437,222.259522,2135.925292,902.679445,210.083008,1844.055176,1102.416992,279.357909,1603.179931,1687.13379,242.462158,1595.642091,1425.506592,391.387939,1359.283446,1270.965577,350.58594,1372.009278,1435.333252,226.226806,1094.573976,1157.958984,208.984375,952.819825,1030.12085,235.351562,964.599608,893.310549,220.947266,827.6062,820.892335,223.968505,740.05127,792.755126,202.758787,833.709718,579.681396,229.644775,547.454833,745.239259,179.931641,458.679199,483.032227,210.784911,628.540038,610.687255,217.98706,630.523682,596.649171,277.191163,449.859619,505.523683,397.430419,714.416506,650.939941,363.494874,631.988526,685.88257,370.57495,555.236816,640.197754,273.559569,434.661867,282.348632,357.269285,355.895996,326.812745,305.17578,312.011719,292.846679,352.539063,287.933348,442.596437,273.712157,353.393555,294.433594,280.853271,320.55664,1179.412842,2273.559571,1060.180663,280.944825,2301.177978
Total: 63247.49756000001
Mean: 695.0274457142858
Stddev: 415.3584856797488