
Values: 10.162353,7.171631,14.373779,22.155762,15.686035,21.148683,5.584716,49.774169,18.005371,9.582519,6.469727,9.979248,19.500733,10.681152,8.880614,16.967773,6.225587,9.429932,27.770996,15.350342,6.530762,41.290282,20.416261,10.406494,45.227051,13.488769,14.129638,10.894775,5.920411,16.540526,13.885498,7.537841,27.038575,8.880614,15.777587,6.958008,13.732909,16.23535,14.495851,25.238037,26.580809,15.319823,10.375976,7.965089,20.294188,15.716554,6.103516,5.950928,12.115478,6.469726,10.5896,11.291503,70.556642,6.530761,7.385254,8.941651,9.765625,12.054444,32.806397,34.210205,87.799073,30.090333,22.613526,12.298585,12.268067,26.489259,25.451659,31.311035,14.953614,19.226073,20.324708,9.613037,10.742188,23.040772,8.911133,15.930177,14.007568,30.88379,13.61084,13.671877,17.761232,14.801024,16.906739,9.094238,17.852783,13.183594,11.688232,34.332275,7.110596,31.616212,20.599364
Total: 1608.7341330000006
Mean: 17.67839706593407
Stddev: 8.645625185847123