
Values: 205.047609,176.055908,187.988281,271.789551,162.872314,248.626709,205.261231,216.094972,254.302978,327.575684,183.258058,190.368651,248.687744,195.526122,130.523682,212.615969,265.075686,192.321777,282.745363,239.4104,181.579588,206.054686,520.904542,273.529055,295.532227,294.555663,309.722901,332.061768,376.312255,246.551515,249.694821,273.834228,212.921142,309.570312,277.252198,142.852782,166.59546,201.110839,153.137208,156.433106,165.069578,153.381348,163.146972,306.854249,174.163818,344.665528,319.946289,248.474122,244.323731,147.735595,155.151368,133.972168,188.110351,243.530274,348.907472,338.775635,392.089842,326.202394,371.551515,385.833741,331.51245,297.668458,171.661377,368.591308,349.334715,296.936034,223.327637,321.197509,188.598632,217.010497,324.310302,220.245362,347.137452,298.12622,267.12036,348.968508,384.246827,371.673583,414.733887
Total: 20470.642093000002
Mean: 259.1220518101266
Stddev: 67.83113402595741