
Values: 117.43164,114.593507,179.962156,129.211426,123.718262,150.024415,234.466552,133.789061,124.847411,118.041992,144.897461,142.669676,141.998291,131.805419,130.52368,138.519287,128.082277,129.425048,112.579346,118.133544,122.894287,140.960692,123.352051,179.351804,140.808106,186.004639,166.71753,205.627441,162.628175,126.739503,149.56665,187.194824,154.205323,141.235353,218.536376,164.916992,159.637451,215.20996,161.40747,167.053224,132.598875,124.542238,159.912112,207.031249,191.680911,218.536377,185.089111,188.87329,238.15918,228.820801,168.73169,206.359864,191.406249,268.00537,255.310058,242.828368,221.13037,230.743408,172.546384,211.730956,226.348878,203.643801,195.953368,256.622314,187.042239,195.037841,222.900392,185.058593,209.503175,199.310301,222.320558,192.840578,202.423095,226.867675,197.631833,218.26172,213.928222,232.513428,164.978025,187.072754,215.301514,179.260256,218.566893,178.802492,186.187746,206.970216,184.844969,199.95117,186.553957

MEAN: 179.320260292
TOTAL: 15959.503166

NIET MEER CORRECT
-----------------
,244.445801,242.340089,227.020265,244.812011
Total: 16918.121332
Mean: 181.91528313978495
Stddev: 34.136372255289636