
Values: 54.168702,39.764404,36.712646,70.495604,62.042236,37.017823,35.583497,46.325682,69.824219,71.166993,39.886476,36.010741,66.833497,32.135011,31.00586,29.449463,25.512693,76.84326,60.028078,74.523925,56.335448,60.791017,31.860353,81.604002,74.127195,48.675538,71.136476,60.85205,78.491211,63.781738,77.667235,72.845462,57.189943,62.805177,77.209471,54.962159,31.00586,26.82495,93.780518,30.853272,27.526854,49.957277,28.167723,47.698975,52.337647,80.596922,58.135985,62.835695,30.426023,111.480713,62.377929,52.764891,24.68872,39.123536,57.678222,59.844971,90.148925,83.251954,77.148436,81.848144,57.983398,99.151612,77.270507,76.751709,87.341309,106.262209,90.911868,57.159426,57.220462,54.840088,38.177491,67.169188,57.34253,58.44116,73.944092,87.249756,85.845946,70.465089,89.72168,86.639404,121.459959
Total: 4987.51831
Mean: 61.574300123456794
Stddev: 17.621075560128027