
Values: 121.398926,20.812989,24.261476,29.144289,33.172605,45.928956,27.09961,42.510986,21.240236,31.951902,27.832033,52.459718,45.34912,32.348634,41.259767,50.201418,27.160643,42.663576,25.268554,27.069093,35.247804,21.636962,21.42334,52.337649,54.260253,26.489259,24.383545,45.166016,35.858154,33.721924,40.100099,67.840577,36.285399,26.184081,28.747558,25.146485,29.937745,30.395508,37.567137,23.742674,30.792235,26.85547,22.979736,51.452638,35.858152,46.813965,43.121338,67.41333,39.978027,56.274413,48.950194,47.027587,48.828126,53.894045,63.5376,86.42578,42.724609,72.662353,55.572512,44.769288,40.496827,53.619382,65.093996,34.851076,45.440672,34.79004,33.935547,50.01831,44.46411,47.485353,65.704346,28.747557,41.229248,62.194824,47.393801,41.046141,34.423826,32.775878,41.534425,44.738769,37.29248,43.243406,44.433594,52.154538,84.777832,38.848876,35.980225,40.58838,39.337157

MEAN: 42.226727124
TOTAL: 3758.178714


NIET MEER CORRECT
-----------------
,58.685305,59.082032,107.574461,47.27173
Total: 4030.7922420000004
Mean: 43.34185206451613
Stddev: 12.222909429760662