
Values: 0.030518,0.030518,0.946044,0.213623,0.915528,0.427246,0.152588,0.457763,0.305176,0.244141,3.601074,0.183105,0.305176,0.183105,0.274658,0.213623,0.152588,0.274658,0.24414,0.335693,0.305176,0.274659,0.213623,0.244141,0.213623,1.25122,0.305176,0.274658,0.274658,0.305176,0.305176,0.274659,0.274658,0.305175,0.366211,0.305175,0.152588,0.244141,0.274658,0.244141,0.274658,0.24414,0.274658,0.274658,0.274658,1.525879,0.24414,0.183106,0.335693,0.274659,0.396729,0.274658,0.213624,0.183106,0.213623,0.366211,0.274658,0.24414,0.274659,0.335693,0.335694,0.305175,0.335693,0.244141,0.274659,0.213623,0.274658,0.24414,0.213623,0.274658,0.305175,0.274658,0.305176,0.305175,0.366211,0.274658,0.274658,0.24414,0.396728,0.244141,0.274658
Total: 28.564448999999975
Mean: 0.3526475185185182
Stddev: 0.16753268587105596