
Values: 0.030518,0.793457,0.244141,0.152588,0.213623,0.183105,0.244141,0.24414,0.183105,0.213623,0.24414,0.213623,0.152588,0.183105,0.213623,0.183106,0.183105,0.244141,0.183106,0.183105,0.213623,0.152588,0.183105,0.183105,0.183105,0.183105,0.152588,0.152587,0.213623,0.244142,0.183105,0.274658,0.305176,0.183105,0.183106,0.152588,0.457764,22.03369,0.24414,0.976562,0.579834,0.183105,0.152588,0.335693,0.610351,0.854492,0.213623,0.274658,0.366211,0.24414,0.366211,0.244141,0.335694,0.274659,0.488281,0.213623,0.244141,0.244141,0.24414,0.213623,0.244141,0.244141,0.24414,0.183106,0.244141,0.274658,0.244141,0.274658,0.24414,0.213624,0.244141,0.213623,0.366211,0.549317,0.213623,0.244141,0.274658,0.335694,0.274658,0.213623,0.335693,0.305176,0.24414,0.213623,0.213623,0.213623,0.213623,0.488281,0.732422


MEAN: .520513258
TOTAL: 46.32568

NIET MEER CORRECT
-----------------
,0.335694,0.213624,0.24414,0.213623
Total: 47.332761
Mean: 0.5089544193548386
Stddev: 0.49588149774540413