
Values: 0.488281,1030.303953,7.659912,1858.398436,715.576172,6.347656,1678.40576,1055.114745,4.180908,1885.253905,772.003175,5.218506,1602.752685,756.80542,3.967285,1551.849362,2041.259765,13.24463,1551.696776,1223.327638,13.580321,2215.484618,1857.635497,5.493164,1622.467042,1200.22583,15.625001,1837.554931,1292.755129,7.751465,887.176516,1003.143312,5.065918,1186.492922,889.312744,5.249024,761.962892,512.695313,3.936767,494.110108,499.38965,6.408691,817.565918,643.096924,4.516602,693.634032,753.173829,7.720948,934.814453,297.668456,378.631592,437.744142,334.503175,447.875976,561.126707,534.393312,256.927491,462.036134,377.044676,342.895509,515.502929,195.922851,228.271484,438.751222,264.434815,149.780274,209.747314,181.335448,110.198975,242.55371,157.745363,128.570556,115.814209,63.812257,58.593752,70.648193,50.750731,34.0271,79.956055
Total: 45669.158939
Mean: 578.0906194810127
Stddev: 495.0535801531805