
Values: 319.885252,7.263183,721.160889,210.876466,4.42505,503.417969,503.66211,11.016846,567.138673,396.697998,11.35254,706.359863,300.231933,26.61133,784.790039,881.011963,20.080567,629.394531,563.75122,7.69043,552.429201,595.27588,16.174317,438.812257,593.414306,10.223388,480.499267,540.802002,19.378662,532.012939,499.938966,22.003173,458.92334,481.109619,2.746581,638.702394,515.01465,24.96338,352.294922,385.528565,11.932372,537.567137,608.032227,4.089355,424.316407,597.167968,9.399413,357.635498,371.795654,10.009766,452.117921,445.037843,7.812499,308.044434,364.074707,3.295898,223.724366,312.622073,10.009766,206.756591,340.179444,19.683838,126.129149,311.828612,2.655029,182.006835,250.976563,2.410888,208.6792,45.043944,4.455567,21.636962,83.892822,8.361817,78.399659,35.79712,1.586914,127.197267,37.261965,14.678954,12.695313,20.812989,8.514405,10.040284,14.739989,9.765625,10.925293,10.101319

MEAN: 245.488253659
TOTAL: 21602.966322


NIET MEER CORRECT
-----------------
,677.398681,1420.806884,471.435547,46.630859
Total: 24219.238293
Mean: 263.2525901413043
Stddev: 236.64593476228723