
Values: 78.613283,272.888186,1259.582518,294.830322,2215.850829,931.21338,312.438964,1955.688476,1374.542235,361.724854,2289.581297,1007.873536,293.121337,1904.205323,996.887208,178.070068,1803.070066,2417.724612,296.38672,1939.208985,1538.604737,274.322507,2471.405028,2488.983154,373.50464,1989.379885,1589.263916,406.158448,2268.951417,1775.207522,356.35376,1232.757568,1355.194092,301.574708,1597.259523,1239.44092,193.084717,971.496583,840.423584,207.061769,691.497802,737.457277,204.406738,1058.807374,1026.062014,293.395995,1121.948241,1149.444582,302.703858,1308.013914,529.327391,614.227296,611.541747,577.178956,767.456053,992.462156,988.616944,757.293701,889.404299,854.339599,845.672608,975.433351,604.370117,505.249024,913.970947,757.202148,565.185547,524.200439,583.892822,384.124754,513.977049,579.803468,429.931641,538.574219,455.01709,494.995119,542.053225,553.466797,556.793213,653.778077
Total: 73107.20826899998
Mean: 913.8401033624998
Stddev: 499.7852230509375