
Values: 260.406495,468.994141,221.923827,888.244631,390.197753,218.505861,791.412352,703.61328,170.410158,735.504148,654.35791,234.00879,912.750243,473.17505,223.541261,988.220215,1062.561036,217.254639,785.308836,742.706297,188.720706,730.346679,756.530761,263.397218,659.362793,826.446534,218.933104,773.071291,752.166748,193.603517,740.325929,805.694581,224.243164,645.935059,763.244627,215.209961,842.041017,822.204589,234.558105,567.871094,571.533201,187.194826,741.79077,895.69092,326.995849,718.536378,850.891112,293.243407,658.66089,686.523437,256.317139,724.853516,703.979493,361.38916,658.630372,726.074219,314.63623,550.506593,587.799073,288.360595,505.004884,630.43213,311.065674,443.634032,596.252443,250.640869,453.521728,506.713867,274.993896,472.16797,360.26001,255.340577,356.506347,417.541504,271.392821,355.499269,337.646486,297.668455,359.466553,291.412355,289.123533,273.468018,310.760497,270.996095,326.477051,286.041258,264.221193,281.280519,260.009766


MEAN: 491.911813258
TOTAL: 43780.15138


NIET MEER CORRECT
-----------------
,1013.305664,1765.289307,830.596925,377.105714
Total: 47766.44898999999
Mean: 513.6177310752687
Stddev: 232.32129287987044