
Values: 11.535645,4.15039,6.469727,5.096435,17.608643,15.014647,19.439696,18.524171,7.476806,11.901855,20.843506,21.636961,13.336182,4.669189,16.63208,6.16455,14.434815,15.86914,4.791259,26.885986,18.310548,5.889893,12.603759,8.758544,9.918213,10.009765,11.07788,26.397705,5.187989,6.378174,12.60376,39.855957,6.774903,10.192872,27.740478,18.463135,8.880614,18.371581,5.15747,8.605957,15.319825,13.549805,12.054443,15.563966,18.524171,21.820067,15.624999,18.951417,13.305665,18.463135,14.343263,12.207031,10.467529,23.925779,19.195556,19.409181,35.095214,7.141114,34.11865,15.441893,21.148682,21.728516,23.742675,18.615721,42.694095,8.57544,8.483887,13.916015,13.336182,9.094238,19.012451,9.429932,12.145995,37.353516,11.322021,12.420656,16.265871,20.172117,16.571046,14.343263,10.162353,14.007569,17.547607,21.514893,18.768311,18.951415,19.378663,13.48877,14.49585

MEAN: 15.582823966
TOTAL: 1386.871333

NIET MEER CORRECT
-----------------
,16.906737,34.362792,9.765626,27.221679
Total: 1475.128167
Mean: 15.861593193548387
Stddev: 5.972348883107873