
Values: 17.791749,19.531251,7.873536,24.139405,16.296386,10.925293,16.540527,15.960693,27.282714,15.563964,17.364501,7.263183,25.726317,7.812499,8.69751,10.375976,6.927491,17.303468,24.291991,24.44458,11.84082,11.291503,11.627197,16.235353,13.092041,13.916015,13.824463,12.786867,13.641358,34.576417,18.554688,16.11328,14.221191,13.214111,13.488769,11.474609,9.796143,11.535645,24.291993,15.045167,9.338379,17.791748,11.749269,21.331788,15.655517,24.414063,12.573243,8.514404,10.467529,10.375976,11.199952,20.080567,11.016845,10.803223,10.101317,16.326903,17.120362,18.707275,14.465333,16.357423,19.683839,21.270753,23.773193,23.101807,11.169433,28.411866,20.01953,26.82495,16.967772,25.390625,10.284424,23.468019,17.883301,12.115479,11.566162,62.500002,23.468019,27.038573,39.703371,44.219968,43.548585
Total: 1443.4814510000003
Mean: 17.820758654320993
Stddev: 6.4414184944368245