
Values: 168.426514,190.002441,134.765627,164.062501,123.229982,178.558348,196.44165,165.557861,127.746581,137.786863,201.019288,223.571778,135.742187,153.198243,141.26587,200.897216,149.597167,158.203125,132.598878,161.468506,159.027099,191.558839,144.195557,157.409668,154.571533,162.536624,166.625976,198.120116,141.540527,180.633544,184.326171,191.925049,155.731201,186.767579,122.711183,146.697999,199.279786,200.469972,136.383057,168.21289,128.173829,125.701904,132.84302,156.127929,131.072999,244.049072,147.766114,146.240233,170.74585,144.13452,153.22876,128.967285,142.944337,163.024905,185.028076,158.660889,189.819337,185.852049,158.26416,156.00586,130.64575,163.482665,138.031005,159.820556,154.693604,153.228759,149.932862,141.784667,123.2605,186.492918,132.263185,141.265868,144.378663,160.552978,190.979003
Total: 12012.329107000003
Mean: 160.16438809333337
Stddev: 20.143825896177788