
Values: 32.89795,42.20581,23.406981,32.165528,65.063477,53.527833,69.458008,38.696291,37.994385,30.303956,43.33496,109.405518,36.193849,40.985106,28.167725,24.322511,33.02002,28.228761,31.951903,22.857664,41.931153,35.736082,31.097411,28.808595,42.114258,48.309324,57.037354,30.212403,30.334473,41.71753,48.461915,34.851074,29.418947,28.533936,25.024413,23.864745,24.444579,31.00586,32.989503,30.609132,46.966551,30.670167,35.125732,23.498537,29.60205,31.250001,38.665771,38.29956,31.860349,26.184084,26.45874,24.963378,23.468018,34.301756,35.980226,38.757326,24.291991,24.627686,35.614015,29.022218,33.355713,42.60254,31.829834,42.999266,27.435302,40.985106,28.778076,31.036377,32.165526,108.306885,35.7666,31.707764,24.597166,45.928954,43.426515
Total: 2751.220702999999
Mean: 36.68294270666665
Stddev: 9.33620875555555