
Values: 0.030517,6.286622,0.152588,0.152587,0.183105,0.213623,0.183105,0.213623,0.518799,0.152587,0.213623,0.183106,0.24414,0.152588,0.12207,0.183105,0.27466,0.213623,0.152588,0.183106,0.213623,0.305175,0.213623,0.183105,0.183105,0.244141,0.152588,0.183105,0.518799,0.152588,0.152588,0.152588,0.183106,0.183105,0.183106,0.244141,0.213624,0.213623,0.183106,0.213623,0.213623,0.213623,0.213623,0.213623,0.152588,0.244141,0.152587,0.12207,0.213623,0.152588,0.183105,0.183105,0.152588,0.213623,0.183106,0.152588,0.152588,0.457764,0.152588,0.152588,0.213623,0.122071,0.579834,0.518799,0.244141,0.152588,0.152588,0.213623,0.152588,0.213623,0.183105,0.152587,48.706055,1.495362,0.152588
Total: 71.411134
Mean: 0.9521484533333334
Stddev: 1.4301758303999998