
Values: 775.634766,14.831542,1130.706788,817.840576,4.974366,1963.806153,985.351562,33.203126,2079.254151,905.395507,12.817382,2071.166992,703.735351,14.434815,1138.671875,1307.617187,14.190674,1179.565429,1391.479492,3.631591,1348.968507,947.265625,17.39502,875.366211,1650.482176,726.959229,616.973877,1003.173826,479.309081,721.557616,831.207275,422.058106,635.559082,907.653808,344.177247,484.558106,713.1958,308.929443,350.585937,573.150635,253.845215,333.740233,575.439454,386.657714,438.110351,390.869141,264.49585,252.197267,302.612305,234.161376,85.449221,101.806641,131.134033,58.34961,162.597656,21.942138,48.980713,25.909424,108.551025,25.756837,117.156982,22.888184,18.859864,17.486573,14.190675,17.425537,10.46753,882.293702,2168.914795,948.547363,23.925782,1783.996581,1131.134033,19.195558
Total: 41885.92529500001
Mean: 566.0260175000001
Stddev: 469.70899632432446