
Values: 220.733643,1031.250001,194.732665,1341.857912,1036.40747,265.930175,2297.271729,1215.545655,213.012696,2263.824464,1179.107666,376.89209,2260.009765,917.114257,199.584962,1382.446289,1509.429934,221.282959,1411.132814,1586.05957,240.53955,1609.466553,1147.552488,218.750002,1095.581056,1898.010253,1022.491455,861.755372,1197.845459,726.593019,1017.395019,1101.95923,628.204346,868.927003,1072.296142,527.099609,724.365235,961.791992,503.326417,562.255859,763.061524,431.854247,529.632568,770.843507,566.040039,741.363525,595.855714,468.566894,470.855713,489.471436,428.649903,258.697511,295.349123,340.484619,298.828124,375.854493,260.040281,277.435303,238.861085,321.472168,207.427979,347.991942,212.249755,237.64038,220.12329,220.550536,225.769043,215.881347,1070.70923,2495.849609,1139.923096,218.811034,2022.186278,1368.988038,320.404052
Total: 58557.55616099997
Mean: 780.7674154799996
Stddev: 478.9643555893332