
Values: 13.519286,10.070801,15.167236,10.925293,26.458739,24.261474,55.175781,7.110596,8.514405,7.263184,23.223877,21.972658,7.202149,12.481691,10.95581,13.916015,11.962891,12.390136,14.160157,6.042481,30.48706,25.695801,15.136718,9.521484,19.409179,20.751953,67.474364,10.253906,16.326905,20.599366,35.858153,28.808595,14.770508,7.232665,12.878418,8.514404,10.681153,9.338378,12.268068,8.300782,9.063721,13.275146,21.118164,9.857177,13.214111,8.209228,11.749268,13.24463,6.652833,12.329102,10.437012,13.031006,15.960692,6.195069,11.932372,7.232667,12.451171,8.209229,14.373778,18.188476,12.695312,17.791747,11.138915,11.260987,8.239745,7.263184,23.498536,14.129638,27.679445,23.254396,15.502931,13.549804,8.422852,12.145997,16.265869
Total: 1156.6467300000002
Mean: 15.421956400000003
Stddev: 6.428244368000003