
Values: 285.583498,308.86841,269.805906,287.109374,429.382323,295.654297,339.721681,351.043701,351.074218,333.343506,179.412842,186.340332,304.473877,238.128661,217.773438,280.548094,337.371827,336.303712,270.660401,241.882322,285.339354,358.428956,221.740723,227.661134,204.498292,243.011476,322.631836,299.407958,340.881346,418.48755,294.555664,331.695556,439.666747,304.443359,290.58838,228.698729,435.882569,391.02173,319.488525,304.290772,333.709716,320.19043,319.610595,277.435301,317.718508,242.797851,281.524659,334.80835,333.129883,357.269288,365.570067,305.297852,239.410401,312.377928,348.266602,354.766845,223.876952,186.584472,340.240478,217.620849,237.396242,207.550049,313.26294,293.518068,331.054688,281.433107,253.509523,305.908202
Total: 20342.742921999994
Mean: 299.15798414705876
Stddev: 46.53667992820069