
Values: 182.678222,174.194336,228.088379,209.869384,196.899413,157.37915,192.26074,181.9458,195.312499,204.01001,222.595213,223.144531,192.413331,202.545168,180.023191,211.242676,237.792969,187.927246,233.398438,201.019285,178.192139,188.995359,195.007322,184.814453,219.970704,219.970703,190.124513,193.511963,183.95996,221.984863,164.062501,193.0542,290.008546,192.901609,207.092284,168.701171,157.684325,179.595945,192.565916,169.158937,177.642822,184.387205,171.905516,192.840577,183.807372,186.584472,209.411621,168.426512,194.854736,186.431884,205.963135,193.542481,194.183349,198.730469,181.823729,253.509523,193.542481,216.70532,252.777101,179.748533,187.988281,202.362062,210.540771,227.569581,203.704834,187.286377,171.325685,189.483642
Total: 13413.177465
Mean: 197.25260977941178
Stddev: 17.13800957396194