
Values: 65.917971,54.199217,88.439941,56.457521,48.370362,79.986572,82.000732,59.661865,60.760499,65.185548,108.184814,41.687014,37.963869,58.410645,82.733156,36.712646,44.830324,52.734376,71.228026,60.97412,46.26465,60.272219,70.159912,70.220947,31.982421,61.462402,52.337645,74.768067,67.321778,69.641114,75.134276,71.716308,65.032958,102.661133,64.514159,63.049314,80.261232,63.873289,57.678222,111.755371,53.558349,85.08301,56.304933,79.284667,70.190429,73.028564,51.116944,57.220457,60.546875,87.860108,68.023682,106.506349,81.268311,50.842284,34.820556,74.676512,103.240966,75.744632,33.050538,92.25464,53.009033,50.933839,59.448241,93.872071,67.901611,56.762695,73.699951,58.868408,58.71582
Total: 4584.381109999999
Mean: 66.44030594202897
Stddev: 13.889837617307286