
Values: 48.950195,43.670653,52.459718,43.060304,46.600343,47.760012,32.501221,31.951904,45.104981,45.654296,38.116455,51.483156,53.009032,50.354002,41.381838,46.75293,55.450438,44.006347,29.022215,55.480958,29.968263,111.755372,31.860353,41.259766,43.395995,44.189452,47.912597,39.398193,40.374756,45.349123,34.698486,35.03418,32.592773,50.567628,40.466308,35.797121,37.963866,55.999758,32.348634,34.240721,34.545901,52.978518,31.768799,40.405273,38.635255,43.029785,56.549069,36.31592,43.029786,44.036866,32.104492,57.067869,44.952394,36.346436,39.031983,49.530028,47.698975,73.394775,48.736572,49.224855,38.024901,28.991697,69.488525,47.790527,30.517577,51.696778,31.463622,28.50342
Total: 2993.8049409999994
Mean: 44.02654324999999
Stddev: 8.32814415441176