
Values: 0.030518,1.556397,0.183105,0.213623,0.396728,0.183105,0.24414,0.915528,0.183106,0.213623,0.244141,0.213623,0.24414,0.213624,0.213623,0.213623,0.640869,0.305176,0.518799,0.183105,0.274659,0.183105,0.183105,0.213623,0.183105,0.457764,0.427246,0.213623,0.183105,0.213623,0.549316,0.366211,0.213623,0.244141,0.274658,0.244141,0.183105,0.213623,0.213623,0.24414,0.213623,0.213623,0.274659,0.183106,0.244141,0.213623,0.244141,0.183106,0.183106,0.213623,0.183105,0.24414,1.098633,0.213623,0.213623,0.213623,0.213623,0.183106,0.24414,0.213623,0.427246,0.213623,0.213623,0.274658,0.274659,0.213624,0.244141,0.213623
Total: 19.65332199999999
Mean: 0.28901944117647044
Stddev: 0.12328469723183379