
Values: 0.030517,0.030518,2.166748,0.518799,0.335694,0.152588,0.274658,0.24414,0.366211,1.403808,0.579834,0.24414,0.213623,0.213623,0.274658,0.305176,6.256103,0.274659,0.305175,0.24414,0.274658,0.396729,0.244141,0.244141,0.610352,0.335693,0.24414,0.274658,0.305176,0.274658,0.457763,0.24414,0.274658,0.274658,0.335693,0.274658,0.274658,0.274659,0.244141,0.366211,0.183105,0.335693,0.335694,0.335693,0.366211,0.579834,0.244141,0.274658,0.274658,0.36621,0.274658,0.305176,0.274658,0.335694,0.213623,0.274658,0.244141,0.274658,0.335693,0.152588,0.305175,0.244141,0.244141,0.457763,0.213623,0.366211,0.274658,0.396729,0.24414
Total: 29.388421999999977
Mean: 0.4259191594202895
Stddev: 0.26660091493383736