
Values: 348.541259,9.460449,48.76709,16.357421,6.835937,45.837402,46.600341,33.721925,13.763428,13.397216,2.319336,28.961183,21.331787,12.939454,23.315431,29.510496,5.981445,50.048829,48.583986,5.371093,32.012938,17.700195,17.669679,14.09912,15.563966,4.364014,27.06909,29.663087,8.666992,16.418457,13.977051,4.364014,65.307616,44.738769,3.90625,55.084227,47.027586,5.065919,66.894532,86.57837,4.760742,16.082765,49.194338,2.288818,120.697022,278.137206,3.845214,43.029785,25.848388,5.920411,12.573242,27.435303,8.148194,56.976317,21.697996,2.471924,8.056641,24.810793,5.340576,41.717527,20.507813,2.655029,29.052732,12.23755,3.631592,12.359619
Total: 2227.294917
Mean: 33.74689268181818
Stddev: 28.37327677961432