
Values: 240.356445,11.59668,51.574708,54.870606,9.643554,64.483642,58.898926,10.925293,69.427491,76.629639,5.218506,66.52832,49.346921,13.214112,52.520751,48.583984,4.547119,96.527102,80.322267,27.099608,75.317383,190.490726,6.591796,160.614014,175.109864,4.272462,44.525146,55.541993,4.760743,963.226318,20.263671,83.526611,29.724122,124.816897,51.269531,239.196778,258.209229,15.869142,167.449951,15.075683,115.570067,62.77466,69.152833,12.115479,166.595461,32.867432,42.999269,92.773439,63.568118,27.008057,75.408936,15.930176,7.843017,82.763671,13.061524,56.182862,20.29419,8.605957,11.84082,7.141114,23.254394,3.997803,698.150636,170.47119,19.805909,18.951416,49.224855
Total: 5746.521018999999
Mean: 85.7689704328358
Stddev: 76.80667344798394