
Values: 258.209228,487.976075,339.630127,324.707031,312.530518,231.384278,327.484129,300.628662,280.303955,337.860107,354.583739,300.903321,337.524413,328.36914,252.593995,329.040527,386.016845,254.943848,380.645752,369.873046,250.915527,525.024414,453.704836,263.397214,451.385499,467.315674,322.998049,302.368163,316.223145,289.45923,1187.561035,282.226561,442.199709,289.42871,413.360596,300.262451,449.920654,518.188477,273.498536,390.380858,250.24414,386.627198,291.22925,315.856933,258.392334,427.642825,321.044921,269.28711,375.488279,331.939698,360.321045,357.23877,308.258057,259.368895,328.063965,334.533691,319.54956,364.624024,332.427978,281.707762,249.420167,272.796631,301.177978,994.873049,427.124021,284.393312,262.329101,312.86621
Total: 24263.854978000003
Mean: 356.8213967352942
Stddev: 81.3947633183391