
Values: 117.980956,368.988039,774.07837,364.624022,413.940429,558.471679,420.135499,478.424073,486.785887,490.203857,493.896485,255.950927,244.720459,437.103273,367.553712,290.008545,386.35254,448.669433,451.690675,404.754638,371.429444,385.162352,484.130858,353.17993,296.478273,306.45752,333.343507,427.795408,434.661864,487.121582,535.736085,416.473388,438.079833,575.622558,480.072021,430.05371,349.487303,585.693358,534.088135,469.879152,448.364259,536.254882,417.053223,447.72339,424.194337,425.04883,434.570313,661.16333,433.959961,492.95044,496.429444,526.031494,430.847168,345.855713,377.166746,511.230468,523.529052,384.887695,251.068116,522.979736,309.448242,353.637694,313.385009,444.42749,418.823242,428.497315,413.330079,367.034912
Total: 29089.172359000004
Mean: 427.7819464558824
Stddev: 71.79608722318338