
Values: 15.747072,18.463135,38.940429,14.98413,8.300781,8.361816,29.113769,17.944337,22.094728,11.59668,10.040282,12.512207,15.136718,18.554688,9.246826,10.620117,29.144288,11.444093,14.404297,25.421141,8.666992,14.251709,29.693604,15.075682,18.127442,19.958497,69.763186,13.854981,15.350343,7.93457,18.402098,27.069091,28.076174,10.467528,25.57373,37.139891,9.216309,17.578124,20.263673,9.857178,16.693114,19.561768,17.486573,7.568359,12.176514,17.456056,11.840821,13.946534,11.016845,28.106689,73.211671,16.113281,26.000976,7.202148,11.505127,11.749268,9.796142,30.792237,10.681152,12.969971,8.453369,9.887696,9.002686,14.709472,10.986328,12.878418,34.210204,25.115966
Total: 1249.511721
Mean: 18.37517236764706
Stddev: 8.001254957179933