
Values: 38.482663,14.221193,15.167238,18.280029,17.089843,15.655518,17.517091,19.592286,18.829345,17.456053,27.770997,9.979247,9.552002,23.620604,14.709473,11.352538,13.73291,17.639159,21.820069,12.664794,25.054932,21.972655,14.984131,16.326904,10.833741,17.913819,13.336181,11.627197,14.465332,21.42334,22.979738,16.845703,15.380859,16.662597,16.906739,20.141602,21.14868,14.923097,14.770509,19.012452,12.664795,16.967772,20.202635,12.817383,15.594481,16.906738,10.559082,29.266358,24.871827,13.122558,20.29419,24.993895,22.003172,14.251709,13.244629,16.479492,32.684328,70.953368,15.502931,32.348631,13.397216,14.923095,11.96289,21.118163,16.845704,19.348145,18.585206,25.695801,20.629884
Total: 1300.0793380000002
Mean: 18.841729536231888
Stddev: 5.112671785339216