
Values: 0.030518,0.030517,1.098633,10.986328,0.915528,1.800537,0.793457,1.525879,0.671387,1.464844,0.579834,0.671387,0.396728,3.326416,3.90625,0.701904,0.701904,0.518799,0.488282,0.488281,0.488281,0.396728,0.88501,1.098633,1.159668,0.427246,0.915527,0.427246,1.220704,0.457764,3.021241,0.976562,0.549317,0.457764,1.037598,6.56128,2.01416,4.089355,0.488282,0.946046,0.823975,1.495363,0.579834,1.159667,1.495361,0.366211,0.823974,0.396728,0.579834,0.610351,0.427246,0.396729,0.640869,0.671387,0.579834,1.068115,1.464843,0.396729,1.373291,0.88501,0.488281,1.800538,1.556396,0.457764,0.518799,0.488281,0.701904,0.701904,0.518799,0.427246,7.141113,0.488282,0.854492,2.01416,3.326416,1.403808,1.495361,0.518799,0.579834,0.823974,1.00708,1.037598,0.732421,0.427246,0.732422,0.457763,0.427247,0.427246,0.396729,0.915527,0.427246,1.098633,0.457764,1.159668,0.854492,2.044678,1.708985,0.579834,0.549316,0.396728,1.12915,2.319337,0.427246,2.807617,0.671387,0.335694,0.732422,0.457764,0.274658,0.396729,0.274658,0.305176,0.640869,0.36621,0.396729,0.396728,0.366211,0.88501,10.772707,1.068116,0.915528,0.76294,0.427246,0.396728,0.579834,0.457764,0.427246,0.915527,0.732422,0.701904,0.457763,0.335693,0.640869,2.197266,0.76294,0.488281,0.518799,0.885009,1.373291,0.427246,0.518799,0.701904,1.64795,0.427247,1.12915,8.483886,0.335694,0.640869,0.793457,4.302979,0.946045,1.037597,0.793457,0.732422,14.617919,0.36621,1.098633,0.488281,0.88501,6.011963,0.549316,0.457764,0.396728,1.678467,7.995606,3.082276,0.732422,0.335693,1.12915,19.897459,1.678466,0.457764,4.180908,1.00708,0.488281,0.610351,0.396729,1.129151,0.335694,1.00708,11.688233,0.549316,0.610352,0.610352,0.762939,0.335693,0.549317,0.762939,0.976562,1.159668,0.701904,0.76294,1.00708,1.342773,0.854492,1.556396,0.488281,1.098632,1.739502,2.166749,0.946045,1.25122,1.831056,0.823974,0.762939,0.793457,2.716064,1.037599,1.434326,1.129151,0.457764,2.227783,0.793457,0.671387,0.366211,2.502441,0.457763,0.518798,0.732422,0.915527,0.732422,0.488281,0.396729,0.640869,0.488281,0.579834,0.701904,0.640869,0.823974,0.885009,0.976563,0.518799,0.488281,5.218506,0.88501,0.610352,1.12915,3.295898,1.098633,1.953125,1.342773,0.854492,1.739502
Total: 326.8737789999999
Mean: 1.350718095041322
Stddev: 1.0703153401065495