
Values: 63.0188,57.86133,59.265136,89.996338,70.43457,60.058593,43.975829,44.311521,36.773683,43.701174,55.541992,40.649415,47.485351,44.555663,56.823731,52.124024,33.142088,63.690184,50.048829,43.151855,83.587645,114.318848,109.436035,209.320068,52.337645,49.957276,46.569822,33.26416,40.924074,45.806884,46.722413,58.715821,75.836181,60.302733,55.389405,60.302736,62.316895,74.035644,44.403078,26.153563,60.943605,36.254883,47.24121,44.555665,46.203615,31.738283,42.114258,31.646729,36.468507,33.996581,22.216798,48.27881,63.14087,113.708496,47.698975,156.188965,38.360595,97.625731,95.367433,118.072508,84.960937,52.032469,49.49951,40.679931,56.884767,73.181152,55.938722,48.065182,50.933837,49.163818,38.879395,61.706542,118.194579,43.029786,90.209961,87.310791,40.344238,62.561034,38.146974,40.008543,34.362792,56.243899,37.750246,41.961669,37.536623,44.647216,42.480469,32.745362,46.844479,35.766599,58.044432,48.736574,88.653565,39.031983,37.261962,47.11914,54.718016,72.937013,73.883057,40.100099,39.764405,100.067138,40.985109,63.690185,36.926268,74.371339,66.467285,44.982909,39.886474,38.146974,38.299559,37.261965,33.569336,43.5791,72.296142,52.4292,43.151857,54.992677,69.91577,58.044435,61.157225,31.982422,40.496827,44.921875,53.161624,68.359374,58.685305,43.85376,65.734864,49.285889,41.717531,36.987304,63.934326,35.705565,43.73169,100.982665,66.223143,51.910399,66.009519,47.454835,82.733154,65.093993,42.236326,53.497314,27.86255,61.248779,53.161621,65.216065,66.162108,74.21875,50.354004,86.975098,64.117432,64.788818,53.314207,39.489745,69.82422,97.137451,53.009034,38.543699,49.804688,64.91089,58.654784,39.367673,75.744628,63.842773,61.828613,40.924072,54.32129,37.963868,51.910402,66.009519,53.131104,66.986084,45.166018,57.189942,48.217771,50.231933,48.156737,79.284667,41.442869,63.323974,45.532225,41.717528,38.085938,64.727781,54.260256,35.27832,39.5813,55.816649,56.121827,51.3916,69.274903,41.412352,58.044434,41.107179,51.30005,55.786134,59.753417,67.260741,76.354981,67.108155,83.190918,70.343018,71.044922,80.108643,55.236817,72.723389,77.514649,89.569092,59.020995,66.711425,76.47705,89.019777,74.096678,67.626952,80.322265,83.496094,74.890136,56.243895,58.807372,63.293458,53.16162,54.016116,58.898924,65.734864,63.385009,65.2771,48.797608,85.693358,84.228514,75.103761,58.776855,81.14624,60.546874,78.735352,73.45581,73.45581,77.728272,68.634033,58.288573,51.391601
Total: 14175.323456999999
Mean: 58.575716764462804
Stddev: 15.15529054518133