
Values: 28.381345,31.097411,56.884766,41.656496,36.682131,63.232421,55.81665,77.941895,37.780764,30.944824,48.675536,79.040528,46.11206,61.035157,49.377442,29.846191,28.71704,34.79004,34.729006,50.62866,59.661865,71.868896,45.379639,52.764894,59.753416,58.807375,39.550782,36.315919,36.2854,31.921385,35.552978,66.741943,82.763673,57.434084,45.928956,48.706054,61.889648,97.747803,59.38721,63.781736,41.44287,38.14697,38.604734,34.698487,29.571531,41.534422,31.951905,29.479981,26.458741,25.390623,27.801514,21.881104,29.876708,56.243895,73.0896,54.046631,44.555663,47.3938,163.543701,107.757566,59.783937,62.194824,33.935547,26.580809,49.316408,61.584471,52.246096,28.869629,32.012941,39.398193,36.31592,58.532714,47.546387,52.093506,59.509277,49.926756,54.107665,34.118653,92.987059,25.512694,30.700685,36.926269,29.144285,23.773193,31.677247,52.215574,35.675049,26.000975,26.306151,37.20093,24.444581,54.748536,48.889157,63.079833,46.99707,35.79712,41.107179,49.6521,62.347412,57.922362,60.729979,50.50659,38.787842,39.67285,37.261965,37.902833,49.377441,50.628663,75.805664,57.006836,33.081053,26.153566,25.146484,25.115967,27.526857,27.893067,45.043944,55.725097,78.430174,64.331056,41.381834,61.462402,41.076661,38.879395,28.778077,65.307615,27.557375,69.427489,36.590578,49.285888,96.191406,74.890136,52.917482,30.883791,58.34961,72.540283,33.569337,75.958253,68.634034,80.688478,56.335447,58.929442,60.119631,55.877687,59.692383,43.579102,53.009034,90.179443,76.446534,52.520752,56.121827,108.795166,63.415526,76.232911,56.060792,69.030761,55.297851,53.955077,72.814942,34.149169,55.08423,63.568114,56.549071,74.798583,52.947999,84.808348,63.812258,62.255858,26.275633,33.538817,48.065185,41.80908,64.147949,48.675536,88.500976,35.949706,54.504396,59.875489,80.169679,61.248781,64.849853,50.445557,33.294678,51.239016,44.006349,50.445557,41.015628,26.184083,32.012941,47.485349,32.531739,59.387207,33.386232,76.263427,32.40967,81.695556,52.093505,96.191407,60.241699,90.179443,66.986083,67.596436,64.697267,79.223633,80.108643,54.382324,74.981689,46.63086,52.856446,52.947997,89.080811,67.41333,51.574708,78.063965,61.645508,104.736329,77.026368,94.451903,75.531007,89.721679,61.61499,64.788819,66.986081,90.850829,63.415525,42.022706,75.195312,69.396974,50.659181,45.104981,52.03247,81.329346,80.932617,68.603516,71.899413,54.168702,80.65796,74.493407,91.125489,85.021973,83.221435,40.557863,47.210693,50.41504
Total: 13266.632079999994
Mean: 54.37144295081965
Stddev: 15.843537677102924