
Values: 0.030518,0.030518,0.030518,0.030518,0.0,0.061035,0.061035,0.030518,0.030517,0.061036,0.061035,0.061035,0.030518,0.030517,0.061035,0.030517,0.030518,0.030518,0.030518,0.030517,0.030518,0.061035,0.030517,0.061035,0.030517,0.061035,0.030518,0.030518,0.030518,0.030518,0.030518,0.030517,0.061036,0.030517,0.030518,0.030518,0.030518,0.030518,0.061035,0.030518,0.061035,0.030518,0.030518,0.061035,0.030518,0.030517,0.061035,0.030518,0.061035,0.030517,0.030517,0.030517,0.030518,0.030517,0.030517,0.030518,0.061035,0.030518,0.030517,0.030518,0.030517,0.061035,0.030517,0.030518,0.030517,0.061035,5.92041,0.030518,0.0,0.061035,0.030518,0.030517,0.061035,0.030518,0.061035,0.030517,0.030518,0.030517,0.122071,0.030517,0.061035,0.030518,0.030518,0.030517,0.030518,0.030518,0.030518,0.030518,0.030517,0.061035,0.061035,0.030517,0.091553,0.030518,0.061035,0.030518,0.030518,0.030517,0.030517,0.061035,1.983642,0.457764,0.061036,0.061035,0.030517,0.030517,0.061035,0.030517,0.030517,0.061035,0.061035,0.030518,0.030518,0.030518,0.030517,0.030518,0.061035,0.061035,0.030518,0.061035,0.061035,0.061035,0.061035,0.030517,0.061036,0.061035,0.152588,0.061035,0.061035,0.061035,0.091553,0.061035,0.030518,0.030517,0.030517,0.061035,0.030518,0.061035,0.061035,0.030518,0.030517,0.030518,0.061035,0.030518,0.030518,0.244141,0.030518,0.061035,0.061035,0.061036,0.030518,0.12207,0.061035,0.030518,0.183106,0.061035,1.586914,0.061035,0.061035,0.213624,0.030518,0.061035,0.305175,0.030517,0.152588,0.030518,0.061035,0.061035,0.030517,0.061035,0.030517,0.030518,0.061035,0.061035,0.061035,0.061035,0.030518,0.030518,0.061035,0.061035,0.030518,0.061035,0.030518,0.030518,0.061035,0.030518,0.061035,0.061035,0.030517,0.061035,0.030518,1.586914,0.030518,0.061035,0.030517,0.061035,0.213623,0.091552,0.061036,0.030517,0.061035,0.061035,0.030518,0.457764,0.091553,0.061035,0.061035,0.091553,0.030517,0.091552,0.091553,0.061035,0.091552,0.061035,0.091553,0.030518,0.091553,0.091553,0.061035,0.061035,0.061035,0.061036,0.030518,0.030518,0.061035,0.061035,0.061035,0.061035,0.061035,0.061035,0.061035,0.091553,0.061035,0.061035,0.061035,0.091552,0.061035,0.091553,0.061036,0.152589,0.030518,0.091552,0.061035,0.061035
Total: 24.59716800000006
Mean: 0.10080806557377074
Stddev: 0.10034470451491603