
Values: 0.213623,11.352538,7.263184,20.751952,6.958009,26.794435,5.493165,15.960694,5.371093,26.733397,6.591797,5.859375,14.129639,12.573243,10.345459,46.26465,6.896972,11.749268,14.099122,10.437012,8.056641,19.073488,16.510008,53.19214,15.777589,7.659912,13.031006,8.270264,5.615234,15.25879,14.801026,9.857178,24.719238,9.063722,17.791749,41.473387,26.245118,18.218995,20.446777,15.716553,16.021727,11.71875,7.110596,17.395019,26.367186,6.317138,11.230469,5.889893,6.561279,10.955811,18.798828,13.031005,18.035889,12.451172,23.681641,12.451172,31.616212,18.249513,28.472902,13.885498,61.981203,16.571045,9.155274,21.728514,5.523681,5.065917,6.866454,8.850098,39.520265,10.406494,18.341065,39.886477,6.958008,9.82666,28.839112,36.956789,10.681151,5.706787,13.977052,6.286621,21.209717,15.563964,11.138916,8.758544,11.566162,6.866456,5.79834,14.404298,6.988525,11.016846,8.331299,35.949707,22.125245,42.602539,22.064209,13.153077,20.874024,96.527099,10.955811,5.676269,26.275634,28.778076,5.462647,26.397704,17.547607,8.789063,24.963379,20.690919,5.615234,8.45337,5.249023,5.462646,6.530762,5.950927,15.991211,18.676758,33.081053,14.862059,17.974853,38.970946,22.796631,19.714354,5.859374,5.981444,7.873534,18.463136,6.835938,15.624999,19.836427,13.580321,7.415772,6.988525,28.411866,10.040284,9.338379,8.392334,14.617921,27.893067,15.625,10.345458,41.900636,19.104005,18.218994,16.693114,23.132324,16.326905,25.512696,16.357421,24.322511,48.919676,22.857666,84.228517,38.116454,14.495849,36.529543,9.399413,31.616211,10.528565,10.192872,14.251709,11.657714,39.093017,8.331298,30.700684,36.743166,25.177002,19.104005,4.79126,30.883787,16.265869,44.158934,7.56836,40.06958,25.817872,18.981933,13.427735,15.045167,16.784668,7.293701,28.808595,19.226075,15.86914,26.458741,9.06372,9.307861,10.925293,6.225586,7.843017,24.993898,39.306642,8.636475,13.702393,26.45874,9.216309,25.390626,14.160156,11.779785,15.472411,39.215089,40.924074,22.735594,10.95581,23.315429,15.228271,20.629883,27.008056,17.700195,10.34546,15.350343,44.708253,10.406494,50.78125,13.214111,23.559569,11.291505,26.428223,10.650635,34.454347,16.113282,10.71167,13.732909,12.054443,7.019042,8.422852,41.503908,23.223876,14.617921,11.413574,18.24951,16.26587,28.167726,24.993895,9.979248,16.02173,17.883301,21.484374,42.938233,19.592286,12.023926,15.594482,27.252198,28.198242
Total: 4486.724875999998
Mean: 18.540185438016522
Stddev: 9.256484314186189