
Values: 68.237305,0.366211,0.366211,2.13623,0.762939,377.624511,0.335693,0.549317,0.579834,172.851564,0.335694,1.831056,0.457765,112.518312,0.305175,1.12915,0.366211,0.396728,0.335693,63.903807,0.488281,0.335694,0.366211,81.451416,0.335694,0.335693,0.396728,0.335693,163.055419,0.366211,0.335693,0.305176,61.4624,0.366211,0.305176,0.335694,126.098633,0.305175,0.335693,1.434326,0.396728,102.93579,1.00708,0.274659,0.305176,0.274659,0.305175,39.886475,0.305176,0.274658,0.366211,0.457764,14.160155,93.841554,0.274658,0.366211,0.305176,219.329834,0.335693,174.713135,0.244141,1.190186,0.335693,58.441165,0.366211,0.305176,0.366211,0.274658,88.897704,0.335693,2.685547,0.335693,0.36621,53.649903,0.335694,0.335694,1.068115,46.752931,0.335693,0.274658,0.305176,0.335693,0.396729,0.305176,35.583496,0.274658,0.305176,0.305176,0.366211,0.305175,30.792237,0.488281,0.335693,0.488281,1.831055,28.411865,0.488281,0.335693,0.366211,0.305176,18.371583,0.305176,0.305176,0.335694,1.617432,44.891356,0.305176,0.335693,0.305176,0.427246,0.488281,14.953612,0.305175,0.305176,9.521485,0.610351,0.335693,51.452637,0.518799,0.518799,0.366211,29.266358,0.305176,0.305176,0.457764,0.305176,20.080565,0.335693,0.518799,7.293701,0.457764,0.335694,15.594482,11.810303,0.610351,0.366211,0.427247,24.44458,0.335694,0.488282,0.305175,0.610352,32.287599,0.427246,1.464843,0.610351,28.747558,0.732421,0.396728,0.671387,0.488281,25.93994,0.457764,1.342773,77.026368,0.335693,0.518799,2.044677,13.580321,19.805909,0.396729,0.488281,0.518799,12.237549,0.488281,1.373291,0.579834,0.305176,9.124756,0.305176,0.488281,0.305175,0.640869,11.47461,0.427246,0.518799,0.366211,0.396728,4.180908,0.610352,2.563477,0.274658,0.701904,4.91333,7.446288,0.366212,0.305176,0.305176,0.946044,7.690431,0.427246,0.76294,0.488281,0.549317,4.852295,1.464844,0.488281,0.518799,7.171632,0.457764,0.793457,0.610352,6.591797,0.976563,0.610351,0.915528,0.701904,15.869139,1.495361,0.762939,0.488281,33.630372,1.251221,0.640869,1.037598,16.265869,0.701905,0.976563,0.823975,16.174317,0.854493,0.427246,0.488281,0.427247,3.875732,0.457764,0.823974,0.488281,0.854492,5.157471,0.518799,0.640869,0.701904,2.563477,0.488281,0.762939,0.701904,4.730225,0.488281,0.610352,0.457763,2.89917
Total: 2940.2465849999976
Mean: 12.149779276859494
Stddev: 18.405609707840984