
Values: 11.199951,16.662599,21.240234,47.760009,11.627197,78.735351,57.250977,11.840821,11.901854,13.305663,14.007569,12.084961,16.510011,7.934569,23.956299,8.697509,16.601562,18.341065,8.972169,15.167236,24.169924,6.591796,45.257568,15.502929,26.824952,26.45874,13.885497,15.777587,11.871338,5.279541,34.667969,20.53833,14.160156,19.073486,68.847656,17.852784,42.449952,20.233154,23.620604,18.371583,20.874024,15.777589,9.002686,16.510009,23.71216,25.360108,12.298584,15.777588,13.793944,9.277344,6.958008,7.354736,9.002685,21.789552,18.00537,16.937256,20.965575,23.986815,9.399413,38.726809,22.491454,82.489014,45.98999,8.026124,53.03955,22.155762,20.507812,14.038085,20.690918,13.275146,16.510009,29.205323,21.240235,35.614015,30.151367,65.612795,18.157959,12.573242,18.218995,10.894774,12.634278,7.354735,13.183593,8.392333,7.44629,10.009766,19.256592,11.413575,7.904052,11.871339,12.268067,15.502929,10.650635,11.657715,23.284913,37.384033,10.528564,15.899658,11.291504,17.089845,21.606446,16.296388,13.214111,18.127442,5.401611,11.260986,17.974855,20.355223,12.329102,18.371582,39.123535,15.563965,8.453369,11.016846,6.011963,7.965087,10.650637,8.758544,10.650635,16.235351,14.251709,34.912108,18.249512,10.894775,11.810303,20.080568,11.96289,23.9563,9.124755,18.4021,15.89966,29.388428,10.375976,12.786866,5.523682,11.871338,10.009765,13.061523,16.021728,18.24951,10.925293,16.937257,18.798828,29.876707,15.960692,29.998777,12.756346,20.935059,20.477294,34.576417,14.373778,23.9563,19.897462,19.195555,60.363769,13.580324,8.850097,12.908936,15.991209,15.716554,10.314941,13.153077,16.510009,8.636476,16.571044,10.467529,18.157957,12.481689,14.129638,12.420654,11.627197,19.683837,19.165039,11.383058,23.651124,9.582519,31.982423,8.575439,26.000975,17.608641,12.695313,17.761231,21.636964,12.390136,40.19165,12.359618,15.686035,16.204833,10.375977,22.155763,9.58252,16.601563,9.338379,14.587402,8.087158,20.324707,15.045167,15.22827,12.390137,21.270751,16.632081,29.907226,12.664794,20.507813,12.96997,12.878419,14.709472,14.404297,15.380859,18.341066,20.812987,25.909425,15.228271,16.204834,20.93506,33.782959,22.552488,25.115967,19.165038,33.355714,14.465331,17.12036,10.772706,23.284913,17.333985,10.192871,14.923097,11.260987,28.381348,14.373778,15.533447,19.073487,17.852783,15.777588,14.648438,17.27295,21.54541,14.37378,25.695801,14.434814,18.707274,14.343261,21.66748,20.78247
Total: 4540.222158999997
Mean: 18.60746786475409
Stddev: 7.261795551027949