
Values: 147.705077,131.164552,140.319823,133.117673,131.744384,176.757812,140.289305,115.509032,131.011962,147.79663,127.349853,147.583008,143.15796,149.230958,144.348145,136.199951,138.732908,109.86328,115.661622,109.313965,175.81177,142.852784,121.826173,153.869628,124.237061,116.882324,127.075194,154.266357,155.181883,121.704102,111.389161,109.161375,134.857177,99.884034,121.154784,217.071532,117.553712,102.386475,107.971191,150.848388,129.272461,110.351562,121.97876,132.476805,135.589599,116.516115,116.54663,111.572265,119.079589,117.065429,152.008057,118.499756,111.724854,109.375001,137.3291,132.751464,125.76294,140.197754,127.471924,117.279053,102.539063,103.118896,97.656251,124.053954,114.89868,130.371094,137.603759,168.884278
Total: 8844.818098
Mean: 130.07085438235293
Stddev: 15.554830493079585