
Values: 212.585451,262.176514,342.254639,312.622071,206.542968,169.433594,177.062988,219.726563,263.092043,173.583985,257.049562,238.342285,307.159424,375.061033,335.601807,345.825193,400.115965,396.42334,333.496094,154.968263,242.248535,284.667968,277.679445,172.821045,233.734131,216.094971,304.870604,283.355714,367.828367,395.1416,363.616944,183.227539,305.633545,195.922852,247.863768,299.37744,315.002441,327.911376,457.946779,365.936279,308.47168,345.336916,276.702879,346.679688,337.646484,282.836915,228.088378,258.575438,343.902587,354.125975,322.5708,364.77661,390.930176,345.703127,341.430663,324.829101,245.94116,299.468993,323.120118,331.207276,347.991943
Total: 18044.342032
Mean: 295.8088857704918
Stddev: 56.61331396828809