
Values: 47.668457,41.687011,47.576903,64.605711,88.714601,44.25049,40.802003,38.879396,66.528323,55.480955,40.557861,35.186768,59.509275,84.472655,59.570313,100.097656,64.636229,162.078857,113.983154,94.818114,76.75171,42.510986,98.083497,86.608887,90.60669,30.731201,51.025391,52.764892,63.201903,66.711425,55.023194,76.904297,89.752196,87.799072,57.922362,70.037842,52.825928,55.908205,70.922853,58.074952,66.77246,78.674317,88.287355,59.692382,77.23999,67.291259,112.792968,90.759279,75.958252,64.819337,67.535401,72.784423,68.389891,88.043215,76.873781,68.634032,82.885743,75.744627,68.145754,71.594239,86.334228,58.654783,115.509034,124.511721
Total: 4593.200685999999
Mean: 71.76876071874999
Stddev: 17.478555612304685