
Values: 93.414308,27.557371,40.924072,26.09253,36.437987,46.752931,43.212893,40.588381,25.482178,24.200438,21.911619,41.687013,28.442383,24.16992,31.646728,26.367186,25.360107,27.770996,29.205321,22.674561,27.282713,24.139403,40.252683,21.240235,24.810792,26.153563,32.470702,29.083252,25.360109,24.16992,32.318113,34.759523,37.658692,29.113768,38.238527,35.339357,46.539305,32.958984,30.24292,32.287598,29.327393,18.737792,34.362793,27.984619,40.039063,22.613525,68.603516,21.209717,19.134523,58.044436,23.040771,27.984617,23.956298,23.101807,28.930664,52.55127,21.911621,29.08325,26.916502,30.487062,23.468017,22.033692,18.432617,27.130125,25.360109,28.015135,29.99878,35.614012
Total: 2146.392807999999
Mean: 31.564600117647046
Stddev: 7.9162495346020725