
Values: 0.030518,0.030517,1.098633,0.213623,0.183105,0.183105,0.305176,0.183105,0.213623,0.274658,0.457764,0.183106,0.24414,0.305176,0.24414,0.335693,0.335694,0.274658,0.24414,0.24414,0.244141,0.244141,0.457763,1.617431,2.075196,0.24414,0.274658,0.274659,0.244141,0.427247,0.335694,0.213623,0.24414,0.457764,0.24414,0.213623,0.213623,0.244141,0.335693,0.213623,0.213623,0.244141,0.549316,0.274658,0.274658,0.244141,1.312257,0.305175,0.274658,0.335693,0.24414,0.793458,0.244141,0.305176,0.274658,0.24414,0.213623,0.244141,1.953125,0.213623,0.244141,0.549316,2.380371,0.24414
Total: 26.580807999999994
Mean: 0.4153251249999999
Stddev: 0.27282544921875