
Values: 0.0,0.88501,0.213623,0.549317,0.183105,0.427246,0.183105,0.305176,0.183106,0.488282,0.244141,0.183106,0.610351,0.244141,0.183105,0.335693,0.518799,0.183105,0.24414,0.213623,0.274658,0.915528,0.213623,0.24414,0.183105,0.183106,0.213623,0.183106,0.183106,0.183106,0.213623,0.152587,0.183105,0.183105,0.152588,0.183106,0.12207,0.183106,0.244141,0.183105,0.152588,0.213624,0.12207,0.183105,0.213623,0.183105,0.152588,0.183105,0.152588,0.213623,0.518799,0.213623,0.427247,0.183105,0.152588,0.183106,0.183106,0.823974,0.579835,0.152588,0.152588,0.183105,0.183105,0.213623,0.213623,0.213623,0.518798,0.183106
Total: 18.005371999999998
Mean: 0.2647848823529411
Stddev: 0.12373352249134947