
Values: 219.909667,7.354736,60.729983,47.912599,3.387451,46.112059,37.750243,13.946534,53.649904,14.312743,3.90625,37.506104,37.750246,9.002686,40.83252,32.440187,8.819581,30.975341,26.33667,3.875732,48.217775,9.552003,4.089355,13.153076,31.372071,13.3667,30.273437,35.278321,2.01416,40.06958,125.457765,19.958497,209.960937,43.151857,143.951416,59.051513,41.870116,131.866456,28.167726,67.04712,17.395021,13.916015,51.727295,23.284913,50.476073,6.56128,17.120361,52.917483,10.284424,27.496339,16.143798,13.488769,5.828858,21.301269,11.627198,13.305664,41.809083,11.505127,7.171631,11.016845,6.530762,1.770019,246.09375,11.932374,79.28467,9.094239,58.319092
Total: 2671.7834690000004
Mean: 39.87736520895523
Stddev: 31.14147203564269