
Values: 234.100341,6.835938,15.228272,13.397217,4.333496,43.24341,28.930662,3.936767,17.028809,22.247313,4.516602,29.388427,48.065188,7.354737,40.313722,53.558349,7.568359,24.047852,57.434082,19.592286,33.050539,18.280028,3.234863,27.374267,20.660401,11.077881,15.441894,21.331787,6.04248,18.24951,8.544922,6.439209,11.413574,70.220949,7.080078,33.203123,109.313965,17.181398,74.279783,70.922851,6.28662,17.211915,15.1062,2.960205,68.634034,70.709229,5.096435,26.245117,21.301268,6.805421,13.214111,29.022216,20.233154,33.90503,6.622315,1.586914,22.766114,15.411378,13.458252,12.390136
Total: 1673.4313949999998
Mean: 27.890523249999998
Stddev: 20.87554938333333