
Values: 255.676271,389.587402,211.486815,239.837648,234.832763,280.456541,257.629395,208.6792,185.058596,242.675781,174.591062,210.388186,222.381593,224.609376,218.261718,214.141844,216.644287,164.916994,192.321775,171.813966,221.282959,239.715576,185.638425,191.619873,172.912599,191.680907,199.737549,304.534911,232.330323,166.412353,204.437255,290.893556,216.552734,361.236571,217.468263,423.645019,273.101808,209.960936,294.6167,223.785401,242.645263,154.87671,185.45532,230.407715,217.773439,203.49121,213.68408,159.973144,201.599124,212.799074,224.243164,174.743649,208.618163,151.885988,200.07324,224.395751,174.346925,225.067138,179.41284,165.710451,155.364989,151.184082,172.119142,408.691403,168.975832,266.174316,204.895018,278.991699
Total: 15095.1538
Mean: 221.98755588235295
Stddev: 38.837842089965406