
Values: 69.946288,280.456545,566.070557,446.929932,446.228029,286.254883,229.8584,275.634767,341.064452,347.747803,247.650147,55.480957,369.293211,351.379395,436.859132,550.048829,438.812257,631.927491,638.549805,554.901123,471.343994,285.52246,391.1438,462.066652,423.858641,225.189209,339.96582,332.79419,406.341553,392.517091,498.962401,525.115965,502.746581,312.530517,393.371581,338.043213,397.186281,388.336183,460.4187,518.890381,589.477541,555.267333,514.434815,436.126709,407.89795,454.711915,489.593507,480.804443,408.477782,358.459471,480.285645,478.698728,427.581786,494.506835,541.137695,462.860107,489.227296,470.092775,338.653564,423.217773,453.826906,426.605224,505.096436
Total: 26318.481452
Mean: 417.75367384126986
Stddev: 85.97306922902493