
Values: 8.69751,5.615234,10.162353,11.535645,9.613036,46.08154,17.761232,10.864259,10.314942,12.11548,6.103516,5.27954,7.080077,8.209228,22.674559,6.195068,13.793946,11.047364,12.08496,6.805421,6.866454,11.688232,8.94165,8.056641,6.622315,12.451172,17.639161,10.345459,8.636475,8.880615,12.878418,14.190674,19.744871,18.493654,10.772704,16.693115,30.517579,28.198241,13.000489,6.378173,12.08496,4.882813,9.490966,6.927491,11.779785,9.338378,13.366698,6.195068,6.072997,7.202149,12.298583,6.408691,15.594481,9.521484,5.401612,6.958009,7.965088,5.584716,7.446289,5.401612,14.129639,9.216308,9.918213,6.072998,11.077881,18.646241,17.120361,11.138916
Total: 780.273429
Mean: 11.47460925
Stddev: 4.3595257499999995