
Values: 10.437011,11.566162,9.796143,16.235352,23.925782,16.63208,8.880615,8.361817,17.456054,14.587403,10.467529,13.793944,14.251709,12.542725,15.106202,13.763428,18.676759,30.395509,49.530031,38.726808,25.05493,13.85498,16.204833,43.090822,16.723632,10.742187,15.075683,15.350343,13.977051,13.3667,27.954101,33.477783,16.784669,23.620606,10.925293,29.266358,16.143799,14.587401,17.974853,14.038086,26.97754,25.299072,26.458739,13.427734,24.841309,15.258789,21.514894,16.357421,14.312743,15.533446,17.8833,18.15796,15.136719,15.472411,20.416259,9.948731,21.087646,52.886965,11.413573,18.859862,18.493653,14.007568,17.028809,26.977538
Total: 1221.099854
Mean: 19.07968521875
Stddev: 6.530896026367186