
Values: 0.0,0.061035,15.228272,27.008056,7.293701,5.035401,3.784179,4.333496,9.704589,4.821777,2.777099,3.509521,2.075196,4.760743,3.173828,20.355225,17.791749,1.983643,5.0354,4.302978,9.246827,10.681151,2.838134,2.441406,2.410889,4.364014,3.112792,3.601074,11.59668,41.59546,5.798339,1.922608,2.258301,2.410889,1.89209,6.896974,15.106202,3.082275,2.899169,6.256104,2.655029,2.166748,2.807617,5.340576,9.155273,2.349853,2.441406,12.268067,15.075685,4.638672,1.831054,1.983643,3.204346,2.288818,3.295899,3.540039,2.716064,4.699706,7.904052,5.157471,5.767823,2.53296,2.746582,2.532959,19.683837,2.502441,3.265381,4.241944,4.486084,2.777099,2.929688,5.340577,13.85498,3.02124,3.845215,3.387451,3.90625,3.082275,4.486084,9.429932,2.471923,2.89917,3.78418,7.476806,62.377928,89.111327,4.15039,4.150391,6.500244,12.115478,4.882813,10.375977,29.327392,32.25708,4.333496,7.019043,5.859375
Total: 771.881099
Mean: 7.957537103092783
Stddev: 6.562502076947602