
Values: 0.030518,0.061035,24.291991,69.458007,5.432129,7.110596,2.349854,2.441406,3.601074,4.089356,2.227783,3.02124,3.234864,3.845214,4.455567,3.540039,14.068603,1.525879,3.784179,5.035401,1.373291,4.211425,1.281738,27.801514,1.586914,2.441406,1.77002,1.922608,1.861572,1.892091,1.678466,4.486084,2.380371,3.143311,1.77002,11.932372,1.159668,2.410889,1.220703,1.037597,1.434326,1.922607,2.319336,1.495361,1.678467,1.770019,3.967286,3.112794,0.946045,1.586914,4.730224,5.371094,1.678467,1.953125,3.112793,1.89209,3.448487,3.356933,7.659913,3.479004,2.105712,4.180908,1.922607,3.204346,1.953125,3.204346,2.899169,2.288818,4.608155,2.349854,1.220703,1.495361,3.173828,1.647949,1.861572,1.647949,2.89917,3.173828,3.265381,1.464844,2.349854,2.380371,2.502441,1.098633,1.464844,1.831054,1.098633,1.464844,2.349853,5.493164,3.051758,1.220703,2.319336,3.54004,2.655029,1.831054,1.25122,1.892089,2.227783,12.60376,3.540038,0.976562,3.631592,2.197266,1.342773,2.166748,1.678467,9.796143,2.502441,4.699707,4.516603,1.251221,1.251221,4.486085,2.044678,0.762939,0.76294,1.312256,1.00708,1.312255,2.868653,1.678467,1.586914,3.631593,1.525879,2.929689,1.25122,1.617431,1.922608,3.692627,1.556397,1.770019,4.119873,2.502442,2.380371,4.180909,2.105713,0.915527,2.166748,1.098632,3.387452,1.098632,3.936767,1.220703,1.861573,2.044678,1.800537,1.159668,2.746582,0.946045,7.354735,1.464844,1.831054,7.843018,2.532958,0.88501,1.77002,2.441406,1.251221,2.563476,1.220703,2.502441,2.990723,0.854492,1.678468,2.166747,1.800537,1.403809,3.265381,0.946045,4.760743,3.204346,1.617431,2.075195,2.380371,1.312256,1.342773,3.356934,5.401611,1.129151,1.00708,2.990723,1.220704,2.624511,2.929688,1.525878,2.349855,4.974365,1.953125,2.288818,2.868652,2.563476,1.403808,1.00708,1.953125,1.12915,3.234863,0.793457,0.823975,0.915527,0.823974,0.823974,1.190186,1.098632,1.12915,1.434326,1.64795,3.295898,1.495361,1.525879,1.953125,1.556396,0.88501,2.105713,1.831054,4.089355,1.373291,4.486084,1.678467,1.556398,3.509521,1.586915,8.331299,2.349854,2.410889,6.011962,1.708984,2.319336,0.732422,2.13623,0.762939,1.281738,1.00708,4.119874,1.068116,9.521484,4.394531,1.464843,10.253907,0.793457,0.793457,1.953125,0.671387,0.732422,1.00708,0.854492,1.098633,1.190186,2.929687,9.246826,1.342774,1.342773,2.563476
Total: 763.397213
Mean: 3.017380288537549
Stddev: 1.9314081700698336