
Values: 142.913817,30.517577,39.611815,24.108886,28.472902,36.804201,37.414552,37.780763,48.614503,90.209961,39.245606,42.785643,53.253172,31.036378,26.031493,44.433596,29.235839,25.726319,25.81787,29.785155,34.118652,32.135008,40.344239,25.848387,34.881591,33.294678,34.759519,46.26465,28.167726,32.318115,40.435791,43.457033,27.221681,27.61841,38.757322,51.727294,32.897951,31.677246,37.04834,30.578614,45.928954,30.670164,27.984618,34.240723,49.377441,28.778077,35.064695,62.133789,36.499023,29.174806,38.42163,43.12134,30.456544,33.355714,28.503419,34.942628,55.236814,48.217771,47.149659,40.893556,31.677245,38.085938,42.541506,60.485839,53.31421,33.172609,41.320801,41.625975,42.846679,30.914306,38.360595,25.695802,47.180177,49.407958,33.050536,35.79712,32.684325,32.74536,43.395997,41.717528,44.433595,32.684325,41.015624,53.375243,60.852049,45.959475,44.647215,52.307131,51.086423,41.351319,46.203612,48.248289,58.31909,42.114258,50.872801,51.361083,64.941405
Total: 3973.297103000001
Mean: 40.96182580412372
Stddev: 9.388742994367096