
Values: 32.348633,38.45215,52.520751,43.426516,22.30835,39.123534,23.773192,36.499022,24.230955,33.99658,31.982423,21.30127,25.512695,31.921388,35.797119,42.877198,28.930665,29.907227,54.321289,20.904542,20.568846,29.510496,29.022215,48.156737,24.81079,26.214599,25.878904,24.383547,27.862549,27.191161,26.123047,23.162842,27.435302,26.153564,24.291991,30.578614,27.740479,90.759277,28.961182,43.945312,38.696289,28.045654,40.191652,21.148683,22.705078,42.907716,34.42383,28.808595,59.96704,53.009033,27.496339,46.295165,28.503417,28.747558,83.251953,28.198243,32.531737,35.949709,59.844973,69.458006,27.709959,30.364989,43.273924,34.576414,44.708251,69.244385,33.996581,43.731689,34.027101,29.75464,24.902345,38.146973,29.693603,67.749023,28.900146,32.531739,26.763916,27.374268,30.60913,27.496338,26.397705,28.717042,32.470705,30.822754,52.551271,89.080811,50.964356,60.577393,64.941404,36.43799,40.649415,41.839602,51.330568,97.534181,48.675536,48.00415,44.799806,59.967042
Total: 3744.3847679999994
Mean: 38.20800783673469
Stddev: 12.068145221990841