
Values: 0.061035,0.030517,0.030517,0.061035,0.030518,0.030518,0.061035,0.030518,0.061035,0.030517,0.030518,0.030518,0.0,0.030517,0.030518,0.0,0.091553,0.030518,0.030518,0.030517,0.061035,0.030518,0.030517,0.030517,0.030518,0.030518,0.030518,0.030517,0.030518,0.030518,0.030517,0.030517,0.0,0.030517,0.030518,0.061035,0.030517,0.030518,0.030517,0.0,0.030518,0.030518,0.030518,0.030518,0.030517,0.030518,0.030518,0.030518,0.12207,0.061035,0.030517,0.030517,0.030518,0.030517,0.030518,0.030517,0.030517,0.030517,0.030518,0.183105,0.030517,0.030518,0.030518,0.030518,0.030517,0.061035,0.030517,0.061035,0.030518,0.030518,0.030517,0.030517,0.030517,0.030518,0.030518,0.030518,0.030517,0.061035,0.030518,0.030518,0.030518,0.030518,0.030517,0.030517,0.030518,0.030517,0.030518,0.030517,0.030517,0.030518,0.061035,0.061036,0.061036,0.030517,0.030517,0.030517,0.061035,0.030518
Total: 3.6010709999999984
Mean: 0.036745622448979574
Stddev: 0.012786620783007081