
Values: 0.030518,0.030518,0.061036,0.091553,0.061035,0.061035,0.030518,0.061035,0.030518,0.030517,0.061035,0.061035,0.152588,0.061036,0.061035,0.061035,0.061035,0.091553,0.061035,0.061035,0.091553,1.983643,0.030518,0.0,0.0,0.030518,0.030518,0.061035,0.061035,0.030518,0.030517,0.061036,0.061035,0.579834,0.061035,0.061036,0.030518,0.061035,0.091553,0.030518,0.061035,0.061035,0.030518,0.122071,0.061035,0.061035,0.061035,0.030518,0.061035,0.030517,0.061035,1.434327,0.061035,0.061035,0.030517,0.061035,0.061035,0.061035,0.030517,0.061035,0.061035,0.061035,0.030517,0.091553,0.030518,0.152588,0.091553,0.061035,0.061035,0.030517,0.061035,0.061035,0.091552,0.061035,0.030518,0.091553,0.671387,0.061035,0.640869,0.091553,0.061035,0.061035,0.061035,0.061035,0.030518,0.030517,0.030517,0.061035,0.061035,0.061035,0.061036,0.061035,0.061036,0.061035,0.061035,0.061035,0.061035,0.061035,0.061036,0.061035,0.061035,0.061035,0.030517,0.061035,0.061035,0.030518,0.061035,0.030518,0.030517,0.061035,0.061035,0.061036,0.030518,0.061035,0.030517,0.061035,0.091553,0.061035,0.030517,0.061035,0.030518,0.030518,0.061035,0.061035,0.061035,0.061035,0.061036,0.061035,0.030517,0.091553,0.061036,0.061035,0.030517,0.091553,0.061036,0.061035,0.061035,0.030518,0.061035,0.030518,0.061035,0.030517,0.061035,0.061035,0.061036,0.061035,0.061035,0.030517,0.061035,0.061035,0.030517,0.030518,0.030518,0.030517,0.061035,0.061035,0.061036,0.061035,0.061035,0.061035,0.061035,0.030517,0.152588,0.061035,0.030517,0.091553,0.061035,0.366211,0.061035,0.030517,0.061035,0.061035,0.061035,0.030518,0.061035,0.061035,0.061035,0.030518,0.061035,0.061036,0.061035,0.061035,0.091553,0.061035,0.24414,0.061035,0.061035,0.061035,0.030517,0.061035,0.061035,0.061035,0.030518,0.061035,0.030517,0.030518,0.030517,0.030517,0.061035,0.030517,0.030518,0.030518,0.030517,0.030518,0.030517,0.030518,0.030517,0.061035,0.030517,0.030518,0.061035,0.061035,0.061035,0.091553,0.061035,0.030517,0.061035,0.183105,0.061035,0.091553,0.061035,0.061035,0.061035,0.030518,0.030517,0.061035,0.061035,0.061035,0.061035,0.061035,0.061035,0.061035,0.030517,0.030517,0.030517,0.061035,0.061036,0.030518,0.030518,0.091553,0.061035,0.061036,0.061035,0.061035,0.030518,0.061035,0.030518,0.061036,0.030517,2.258301,0.061035,0.091553,0.061035,0.061035
Total: 21.78954500000005
Mean: 0.08578561023622067
Stddev: 0.06244292191084373