
Values: 0.457764,66.04004,64.605713,67.413331,78.704834,62.438964,65.307618,78.24707,75.683594,100.433348,73.852538,80.566407,69.915774,213.165282,67.565921,79.803465,84.869384,51.177978,140.258788,161.07178,142.242433,183.776857,138.458252,163.360598,169.616701,205.139161,190.734864,203.186035,217.956543,153.900146,172.088622,141.754149,144.348144,164.184571,176.483155,65.582275,65.39917,194.610596,190.734862,112.701414,185.2417,147.644044,160.949707,82.244873,110.717773,164.276121,210.418703,86.669921,127.838134,176.208493,175.445558,144.866944,162.872315,60.058595,221.496581,189.392089,323.24219,244.689942,103.33252,187.34741,205.993652,209.716797,213.043212,144.073487,96.099854,207.122801,218.62793,165.130615,185.241699,218.170166,177.612304,149.780273,82.641601,185.546874,215.484621,174.49951,209.442138,221.77124,196.716307,184.753421,137.329101,161.804198,158.203126,230.499268,179.901125,186.767577,251.159669,300.994871,308.288577,313.507081,274.414064,247.528078,128.051757,210.998535,276.000979,240.600586,254.852296
Total: 15665.161143999998
Mean: 161.49650663917524
Stddev: 53.42366559761931