
Values: 67.108154,0.671386,0.610353,0.640869,567.16919,278.564451,0.701904,0.732423,0.823974,322.418213,0.610352,366.790772,0.640869,348.175049,0.823975,492.584229,0.701905,517.02881,1.708984,343.841551,0.335693,247.436524,0.305176,0.396729,170.715333,0.488281,0.335693,0.427246,0.396728,221.13037,0.518799,0.671387,311.309815,0.549317,0.793457,183.258056,0.335694,0.640869,0.366211,179.992676,0.457764,0.518799,0.579834,264.465335,0.823974,213.012695,0.640869,1.373291,0.274658,184.387205,0.915527,0.427247,0.335693,193.023684,8.331299,0.915528,164.642336,0.305176,4.455568,0.793457,216.674806,0.671387,0.396728,166.320802,0.457763,0.854492,205.902101,0.488282,0.518799,135.894777,0.396728,0.518799,194.488527,0.823975,0.701904,192.504882,0.701904,1.00708,1.373291,158.477783,0.76294,0.793457,107.849121,0.671387,0.579834,1.007081,74.676512,0.396728,0.640869,0.457764,89.813233,0.427246,0.823974,1.220703,66.009521,0.457763,0.518799,137.695313,1.068115,0.671387,61.431886,0.335694,8.026123,0.823975,91.217041,0.823974,0.549317,91.430664,0.793457,0.793457,62.34741,0.732422,0.427246,0.762939,80.322267,0.305176,0.305176,0.457764,42.785643,0.549317,1.434326,0.88501,55.999757,0.640869,1.342773,0.793457,68.847655,0.671387,0.671386,68.450928,0.671386,0.610351,72.723389,1.037598,1.77002,49.804686,0.854492,0.366211,44.311523,0.396729,0.946045,0.396729,31.982422,0.610352,0.457764,0.732422,45.349119,0.518799,0.915528,58.441165,0.488282,0.823975,1.556397,38.909911,1.892089,0.488281,35.003662,0.854492,0.701904,0.88501,58.288574,0.701904,0.610351,0.335693,61.279295,0.885009,0.701904,24.414064,1.251221,0.396729,0.427246,29.418947,0.457763,1.037598,0.732421,48.950195,0.488281,0.671387,0.946045,27.313232,0.305176,0.732422,0.396729,50.811766,0.915527,0.579834,27.19116,3.601075,0.579834,1.068115,27.313233,0.671386,0.457763,0.671387,31.707764,0.305175,0.701904,0.305176,0.274658,38.940432,0.305176,0.305176,0.76294,0.427246,16.296388,0.640869,0.671387,40.22217,18.829346,0.427246,0.793458,0.579834,9.307861,0.64087,0.732422,31.799316,0.457764,1.159668,0.457764,13.214112,0.854492,0.610351,12.786866,0.88501,0.915529,11.535645,0.671387,0.610352,0.396728,0.701905,4.150391,0.427246,0.549316,0.396728,5.249023,0.457764,1.220703,0.946045,3.234863,0.366211,0.671387,0.305175,0.274658,1.464844,0.335694,0.335694,0.366211,1.373291,4.089355,0.518799,1.098633,0.457764,6.500244
Total: 9128.234884000005
Mean: 36.079979778656146
Stddev: 52.98014524688721