
Values: 81.54297,1.312256,0.640869,0.579834,0.335693,0.305176,159.637451,0.488282,0.579834,0.518799,0.427246,277.618407,0.457763,0.549316,91.674803,3.112793,1.739502,1.403809,176.300051,0.366211,0.335693,66.711426,0.305176,0.305175,0.457764,174.560547,0.335693,0.610352,49.224853,118.835449,41.442874,0.488281,166.595459,33.355712,52.703857,0.579834,147.55249,46.051025,51.971436,79.833984,0.793457,22.033691,53.894045,3.875732,77.636718,24.658204,54.870604,2.746582,69.67163,23.712159,20.141601,0.396728,24.963377,86.090088,19.470215,0.396728,17.608642,36.712648,83.190917,18.310548,20.41626,18.615723,0.457764,40.374756,118.499757,13.214112,10.345459,1.220703,11.047363,9.399414,0.915528,34.240724,45.867921,10.101318,2.319336,6.744384,5.004883,5.706787,0.549316,4.974365,2.319336,0.457763,15.106202,29.083252,71.59424,6.408691,1.922607,1.800537,1.800537,1.739502,2.349853,5.249024,0.823975,208.343507,0.457764,6.408691,301.361083
Total: 3490.2648960000015
Mean: 35.98211232989692
Stddev: 40.96667501923691