
Values: 298.400878,192.810059,184.143066,156.921386,167.72461,147.186279,324.829101,158.416748,184.356689,253.112792,153.503419,441.741942,190.979005,297.698974,243.499756,256.927491,230.590821,146.514891,393.493654,227.93579,237.091064,343.109129,244.323731,233.856201,249.75586,454.010009,263.977051,294.158936,356.018064,405.303956,296.38672,229.492187,401.000976,266.967772,314.605713,171.691895,376.434326,319.519043,357.818603,283.813475,281.036377,263.275146,287.506104,224.853515,354.034423,272.67456,351.745606,246.490479,371.856688,278.411865,297.149657,229.309083,266.204832,289.001467,323.12012,276.824949,468.200684,421.081545,328.338623,295.989988,313.262939,335.44922,308.044434,322.174072,402.435302,308.868408,340.332031,268.218993,288.665772,303.039552,278.015136,275.665284,287.628174,294.250488,300.750733,260.31494,305.847168,308.746336,284.637453,284.729004,244.32373,267.791748,278.74756,408.111572,507.110597,404.327391,381.958009,451.171874,439.422609,429.748535,398.376466,415.924073,352.722168,655.426027,401.245117,380.40161,720.184326
Total: 30085.296624000006
Mean: 310.1576971546392
Stddev: 69.69182785822086