
Values: 10.925294,26.123045,21.54541,15.014647,8.636475,7.965088,12.878419,14.495851,5.767823,9.674072,17.395019,11.444092,7.354737,6.225585,6.011962,6.195068,8.911133,7.537842,5.15747,11.108399,7.995605,14.434814,13.092041,10.192871,12.359619,11.47461,6.927491,6.622314,6.958008,6.378173,10.406494,8.94165,9.246826,17.852782,10.742187,5.5542,8.056641,14.648436,9.552002,24.475098,11.016845,13.214112,14.678954,13.275146,56.060791,54.321289,10.009765,15.228272,9.429932,7.354737,7.598878,10.528564,4.02832,7.781982,11.901856,16.87622,8.575439,18.920899,18.218994,6.774902,7.904052,13.61084,16.723634,8.026124,19.348145,26.214598,12.603759,16.662598,16.265868,5.92041,8.911133,14.221191,8.483887,9.338379,11.993409,7.812501,8.026123,17.669679,8.361816,5.401612,11.535645,11.718749,14.831543,12.817383,12.268066,21.1792,13.061522,11.505127,16.1438,26.702881,13.275145,17.8833,21.972655,10.467529,20.629882,14.129639,19.439696,20.080567
Total: 1285.2172769999995
Mean: 13.114462010204077
Stddev: 5.072031543315283