
Values: 0.030518,0.091553,16.784667,42.175291,10.253906,4.180908,6.561279,6.164551,5.0354,5.371094,5.676269,8.331299,7.110596,3.448486,2.105713,2.89917,5.889892,5.67627,7.812499,3.967285,12.634276,7.781983,7.019042,17.425536,8.239746,14.953612,9.33838,8.17871,5.310059,39.886473,2.716064,24.108887,4.119874,5.15747,13.366699,8.758545,3.66211,6.866454,6.439209,5.950928,8.880615,4.852295,7.659912,20.324707,7.751465,41.076659,12.847901,4.638673,6.92749,6.591797,5.096436,2.624511,3.26538,6.561278,6.225586,6.652831,9.613037,22.155762,6.286621,5.493164,6.774902,21.453858,45.562743,15.808107,3.90625,21.789549,113.220214,9.246825,17.028808,3.082276,8.087158
Total: 822.9675129999995
Mean: 11.591091732394359
Stddev: 8.562368952588768