
Values: 82.122803,132.263185,65.093993,117.797851,81.481933,109.558105,53.070069,70.129393,70.068361,70.037842,54.595945,103.271484,66.101074,65.338134,114.440919,74.462892,79.620361,96.64917,104.705809,122.558595,135.772707,153.503418,175.750732,165.679931,165.771484,95.520019,158.630369,135.772706,204.956055,88.470458,70.8313,122.955321,147.644044,97.808839,146.484376,162.567139,123.657228,119.293213,77.423098,91.705321,78.308104,151.092528,118.164062,74.523926,89.935303,97.137451,92.926025,84.472656,76.904296,97.320555,91.888428,59.356689,138.97705,103.759765,79.742431,106.62842,127.471923,138.58032,113.952636,136.169435,133.300782,156.524656,104.766845,118.133545,91.461181,132.843017,123.077393,156.433105,128.204347,138.427733,144.744874
Total: 7858.795156999999
Mean: 110.68725573239435
Stddev: 28.119154481650476