
Values: 71.289062,37.719725,76.35498,29.724122,28.839112,67.352296,50.231932,27.679444,35.858156,40.55786,39.520265,31.921389,59.967043,60.150147,31.799317,30.090333,41.595456,57.678225,60.913088,53.344728,38.146971,85.021973,74.066162,112.182615,90.423584,95.916749,83.312987,69.244386,83.618164,35.827636,54.595949,82.580568,51.147461,86.029053,51.910399,50.994873,63.018798,70.953368,54.168703,38.055418,56.488039,87.097168,37.872315,68.847658,77.270507,45.257567,36.376954,93.353272,32.043458,81.390381,27.160646,128.631592,27.343751,82.702637,53.894044,70.800781,49.01123,74.737549,80.108645,74.432375,56.18286,72.937012,97.320555,109.985351,44.891356,50.994872,58.380126,78.002931,91.857909,90.576172,84.838867,41.748047
Total: 4466.339124
Mean: 62.032487833333334
Stddev: 19.69955579166667