
Values: 0.030517,0.030517,0.030518,0.0,0.061035,0.061035,0.061035,0.030517,0.030517,0.030517,0.030518,0.030518,0.091552,0.091553,0.030518,0.030518,0.030518,0.030518,0.091552,0.030518,0.030517,0.061035,0.030517,0.091552,0.061035,0.061035,0.091552,0.061035,0.091553,0.030517,0.091553,0.12207,0.061035,0.091553,0.061036,0.030518,0.061036,0.061035,0.030518,0.030517,0.030518,0.030518,0.366211,0.061035,0.122071,0.061035,0.030518,0.061035,0.030517,0.061036,0.030518,0.030517,0.091552,0.152588,0.061035,0.061035,0.030518,0.061035,0.061035,0.091553,0.12207,0.061035,0.061035,0.061035,0.030517,0.091552,0.061035,0.335693,0.091553,0.061035,0.091553,0.061035
Total: 4.760738000000001
Mean: 0.06612136111111112
Stddev: 0.03207167052469137