
Values: 0.549316,191.345214,154.083254,143.829347,82.366942,96.069337,59.570313,123.138429,52.551267,88.165282,307.189941,252.288817,210.968017,165.924073,113.15918,198.944093,251.953126,287.475585,237.762452,328.338623,252.441405,440.185549,517.456054,418.029787,526.82495,297.3938,326.690674,381.195067,150.634765,115.112306,206.298828,233.612061,282.165526,372.711181,297.943116,150.421143,310.028077,294.372558,173.461913,221.435548,239.959718,326.263427,135.833738,109.588623,376.953127,313.232421,344.146727,258.392333,180.938721,172.302245,171.081543,271.911622,233.001709,143.15796,251.281739,272.766114,408.538819,249.298097,306.182862,422.88208,368.377685,321.960449,92.529298,104.82788,313.629151,269.653322,264.282226,311.676026,470.306397,401.306152,342.468261
Total: 17762.817387999996
Mean: 250.18052659154924
Stddev: 91.6629511414402