
Values: 50.689699,1.068115,0.946044,275.512696,1.434326,0.457764,74.890135,0.335693,0.36621,0.335693,65.093995,0.915528,80.169677,0.457764,0.305176,225.189208,0.976562,280.273439,0.885009,67.718505,305.938722,480.072021,199.127198,376.403811,162.414551,271.301271,126.190187,1.953126,236.236574,186.035159,58.258056,161.041259,203.491211,0.549316,69.366456,339.691162,0.579834,52.062989,51.14746,203.186035,33.020017,103.363037,318.145752,132.476808,44.006345,185.821535,11.810303,19.897461,10.253907,45.440675,81.604004,34.576415,69.854736,99.060058,18.310545,18.463135,36.712645,37.719724,11.993408,7.720948,4.516602,13.885499,15.411378,2.746582,1.312255,9.765625,1.556397,356.384277,1.403808,276.306153,486.572266
Total: 7103.179936000001
Mean: 100.04478783098594
Stddev: 101.13082287006549