
Values: 187.957765,422.546385,279.541016,633.514405,284.790037,288.757324,232.940673,245.300294,183.898924,216.339111,478.729249,447.387694,443.969728,285.217285,278.50342,558.258056,424.438477,752.441407,424.682615,592.163087,812.133789,1181.640625,1074.85962,1105.773926,988.220213,802.490236,710.632323,643.554688,679.321291,528.106691,458.648681,627.563476,755.249024,564.544677,604.522707,776.702881,542.297364,562.103272,361.602782,602.630618,466.400145,667.72461,683.502196,448.455811,594.909667,699.066165,583.892821,423.675539,373.901367,363.494875,532.684327,419.708252,561.248779,491.363525,453.765869,488.098145,686.309813,691.436768,542.114257,678.039552,621.520996,641.326904,425.598144,319.732666,486.846922,521.331786,621.582032,960.968018,735.839843,938.049317,1057.434081
Total: 40223.999028000006
Mean: 566.5351975774648
Stddev: 171.15185285974997