
Values: 9.094239,8.972169,11.657714,6.713867,15.50293,35.125731,22.460938,6.469726,5.889893,11.108399,8.514405,5.187988,16.418457,13.031006,13.793945,12.939453,10.162354,20.843504,12.420653,12.268066,23.498536,13.153075,15.472412,44.036866,22.369383,15.686034,19.866944,12.451171,15.106201,23.681642,29.541015,20.751952,24.078369,16.784669,24.353027,15.472412,15.686036,25.543213,24.993895,9.857177,17.181397,10.772704,29.815675,11.016845,21.911622,17.822266,11.932374,20.965575,11.71875,10.894777,8.544922,24.749756,18.066406,22.399903,73.730469,18.920899,15.777589,15.777588,33.569333,18.096923,33.935548,24.383545,14.25171,11.230468,19.073486,17.059327,15.960694,13.946533,22.735597,18.035888,22.766114,22.583007
Total: 1320.5871559999998
Mean: 18.341488277777774
Stddev: 6.642329783950617