
Values: 143.585205,130.828857,103.790284,138.916015,112.182618,103.759767,116.699219,145.355224,119.720458,141.693114,162.07886,109.741211,138.854981,113.006592,118.927002,131.896974,107.940673,118.072512,134.033203,156.982423,146.820069,125.976562,117.218017,134.521484,126.770021,132.873534,151.885988,166.961673,128.814699,124.145508,117.91992,123.50464,121.36841,176.544189,131.652832,102.661132,134.796142,119.873047,162.628176,116.912843,137.481689,136.749268,138.48877,163.208006,160.095217,153.045653,165.008544,109.558106,117.248534,105.621338,133.728026,136.993408,128.997802,118.103026,135.620116,124.053953,128.540041,118.316652,148.223877,101.562499,100.708008,105.377198,110.717773,118.316651,119.720459,166.748049,106.506348,123.352051,114.28833,129.791259,156.555178,128.326417,155.853272,110.321045,129.39453,147.979735,105.895996,115.753172,163.391111,130.737303,101.470947,118.133544,122.650147,144.805906,130.096436,123.779299,118.469238,173.767091,161.682129,143.737793,114.837645,141.906739,151.672364,148.101806,154.815674

TOTAL: 12462.219246
MEAN: 131.181255221






NIET MEER CORRECT
-----------------
,122.34497,176.910399,126.129151,147.79663,163.269043,157.196045
Total: 13355.865484000004
Mean: 132.23629192079213
Stddev: 16.137920267032648