
Values: 151.09253,153.991701,230.712891,176.544189,204.284669,200.378418,238.708497,220.855714,171.356201,338.287354,239.04419,240.570069,220.458984,143.890381,157.867431,349.426269,170.257567,163.787841,141.052245,179.748535,202.209473,186.859133,381.591797,229.3396,182.647705,139.434814,173.583985,148.4375,686.981203,221.64917,311.431884,208.007812,282.470702,232.543945,261.718748,123.474121,135.772704,138.793944,127.166747,189.727782,245.361329,362.823486,340.576171,396.30127,474.548339,289.520263,196.929932,272.033693,318.908692,212.158202,193.603518,324.85962,299.072267,283.63037,347.778321,237.854003,237.854005,278.137206
Total: 13968.109131999998
Mean: 240.82946779310342
Stddev: 69.96102165992865