
Values: 37.170412,43.090818,25.817869,117.980958,48.736572,62.316892,34.637449,56.488039,30.212404,30.212403,45.715332,62.591554,33.721925,62.37793,37.17041,33.081054,41.259767,36.712648,35.156251,24.932861,33.111572,87.249757,36.285398,86.242677,77.056884,35.308838,43.609619,37.109374,25.512695,40.130614,131.958006,32.65381,24.291993,97.991945,53.43628,63.201906,33.41675,31.677247,22.583008,31.921387,30.761721,39.093017,69.915773,77.14844,75.622557,80.841065,100.708009,41.320799,33.721922,33.050537,65.338135,40.405271,36.437989,83.740234,64.300537,88.745116,75.469972,48.217771,41.900636,77.88086
Total: 3128.753669000001
Mean: 52.14589448333335
Stddev: 20.64159842944445