
Values: 44.952392,26.489259,40.252685,44.281005,32.287599,24.414062,40.985107,25.115967,18.554688,28.106688,37.109372,22.644042,18.310548,25.146485,24.383545,32.775879,25.390626,21.057129,30.151367,28.839112,34.637453,35.980225,29.296873,34.454344,31.585694,22.918702,24.688719,35.644529,26.367186,20.080567,40.008546,21.118163,30.822753,21.270752,35.980225,37.994383,45.837402,27.679444,18.463136,33.477781,24.84131,35.705568,25.60425,38.665773,39.123534,22.094726,23.55957,36.77368,33.203127,30.487061,27.679445,30.822755,29.724122,43.212892,18.646241,49.468995,20.385741,42.053221,47.149658,27.313233,30.761719,25.299071,33.630371,23.406981,43.701172,41.16821,31.127928,28.991697,29.632567,17.578123,35.644531,27.46582,27.435301,24.56665,22.064208,50.231934,39.0625,37.44507,31.768801,45.837402,50.201417,24.505616,27.343751,30.517579,28.167726,28.198243,30.273437,33.630372,41.839601,27.954101,31.188966,46.722411,31.73828,28.320314,20.599364

TOTAL: 2974.09057
MEAN: 31.306216526





NIET MEER CORRECT
-----------------
,40.069582,35.91919,33.813477,35.217284,38.909911,31.005858
Total: 3189.0258720000015
Mean: 31.57451358415843
Stddev: 6.520781657680621