
Values: 0.030517,0.030517,1.00708,0.183106,0.274659,0.244141,0.244141,0.213623,0.305176,0.183106,0.152588,0.213623,0.152587,0.152588,0.183105,0.183105,0.24414,0.244141,0.183106,0.183105,0.244141,0.24414,0.183106,0.183105,0.152588,0.24414,0.274659,0.274658,0.244141,0.183105,0.244141,0.183105,0.274658,0.823974,0.244141,0.183105,0.183105,0.244141,0.213623,0.305176,0.305176,0.305176,0.24414,4.730225,0.305176,1.403808,1.342773,0.274658,0.274658,0.213623,0.24414,0.274658,0.274658,0.24414,1.159667,0.244141,0.183105,0.457764,0.183106,0.183105
Total: 22.583002999999998
Mean: 0.3763833833333333
Stddev: 0.27635357722222226