
Values: 0.030517,1.586914,0.976563,0.213623,0.213623,0.183105,0.12207,0.183105,0.183105,0.183105,0.183105,0.152588,0.213623,0.152588,0.183105,0.152588,0.305176,0.183105,0.12207,0.305176,0.213623,0.305175,0.152588,0.183106,0.549316,0.183105,0.152588,0.152588,0.213623,0.152588,0.12207,0.152588,0.213623,0.152588,0.213623,0.152588,0.152588,0.152588,0.12207,0.152588,0.183105,0.183106,0.244141,0.122071,0.152588,0.152588,0.183105,0.152588,0.152588,0.152588,0.183105,0.213623,0.183105,0.396728,0.12207,0.183106,0.213623,0.183105,0.152588,0.183106,0.152588,0.152588,0.793458,0.24414,0.152588,0.335693,0.183106,0.152587,0.183105,0.457764,0.457764,0.183105,0.152587,0.213623,0.152588,0.64087,0.183105,0.274658,0.152588,0.244141,0.24414,0.152588,2.624512,0.152588,0.12207,0.183105,0.152588,0.274659,0.183105,0.213623,0.183106,0.152588,0.152588,0.518799,0.152588,


TOTAL: 24.291988
MEAN: .255705137

NIET MEER CORRECT
-----------------
0.152588,0.244141,0.213624,0.152588,0.152588,0.213623
Total: 25.421140000000012
Mean: 0.2516944554455447
Stddev: 0.1341804695618078