
Values: 572.784424,5.0354,678.894044,234.49707,3.723144,1202.667235,561.676024,3.387452,1107.87964,521.54541,19.653321,1133.544922,398.468018,11.901854,1161.132811,1169.708253,3.540039,829.681395,1000.579832,22.064208,795.654298,660.491945,3.540038,822.967529,508.819581,9.674072,548.919676,497.894287,3.26538,596.801759,484.466554,3.051758,606.048583,479.919433,2.41089,506.958009,392.456053,21.636961,343.048096,289.062501,15.533448,310.638427,317.535402,2.136231,241.638183,325.897218,2.166748,328.399659,231.475831,47.149659,283.081056,297.3938,1.861573,282.104493,256.988527,17.669676,73.303222,116.363525,2.166748,133.026121,55.664062,45.166018,53.68042,206.634522,3.723145,72.967531,26.947022,1.312256,123.352052,39.79492,3.692628,71.441651,33.630372,9.399413,18.035889,33.264158,10.406494,40.83252,49.560548,1.098632,19.104002,33.264159,0.88501,11.07788,8.69751,5.187989,31.341552,15.197753,2.197266,22.18628,23.559571,12.817382,11.505127,2.471924

TOTAL: 22606.079104
MEAN: 240.490203234





NIET MEER CORRECT
-----------------
1017.395019,1638.946532,810.97412,61.553955,1710.632325,683.746337
Total: 28529.327392
Mean: 285.29327392
Stddev: 300.86142579759996