
Values: 880.79834,28.411864,575.225832,241.394043,6.103516,725.494386,180.847167,26.733397,551.574707,348.02246,3.54004,390.228272,212.127686,3.021241,400.756836,228.240968,3.326416,218.566895,375.946044,3.509521,451.843259,387.237548,2.960205,279.174803,204.864502,2.349853,296.691896,223.175049,7.019043,461.334228,258.636476,5.279541,356.35376,292.816163,2.532958,86.364747,95.703126,2.13623,194.580077,135.314941,5.310059,371.063234,229.217528,316.04004,202.087402,61.065673,46.752928,114.868165,55.236816,25.360106,79.528809,16.448974,63.842772,92.529296,33.416748,32.196046,40.802002
Total: 10936.004633999997
Mean: 191.85973042105257
Stddev: 157.65893728531856