
Values: 52.734376,217.285156,1081.726073,643.585205,884.948732,566.894531,261.44409,1114.776614,454.25415,249.603271,958.770752,728.179932,293.884279,705.535888,427.795409,223.480225,811.431884,452.545168,222.198486,399.230956,612.854002,347.320556,709.716796,947.357178,377.075197,523.284912,414.031983,229.553222,485.626221,965.667726,416.534425,843.719484,511.444092,426.757811,716.857911,641.296388,177.246096,283.081056,279.815675,177.581786,436.248779,438.995361,557.922365,833.31299,750.518799,912.078857,702.056886,334.075928,375.793457,495.056152,365.051268,279.60205,462.036132,430.41992,441.101072,568.298339,374.908446,339.47754,383.392335
Total: 30317.474370000004
Mean: 513.8554977966103
Stddev: 202.1056201585751