
Values: 216.003417,747.344971,177.398682,875.122071,407.043456,141.021729,1377.746581,801.818847,159.91211,1296.539307,772.55249,161.743163,1351.470946,576.019288,177.764891,1353.393554,1312.530519,160.675049,1007.171629,1205.200195,226.806641,973.693848,828.308105,197.784423,993.316653,673.797608,199.096679,761.901854,690.124513,155.731201,765.960695,652.465821,167.083739,818.847655,661.163332,158.325195,703.063965,556.793212,225.06714,516.174316,467.407227,212.493897,505.798338,543.731691,228.363037,428.222654,547.088624,161.865232,491.424563,389.068604,250.305175,467.834473,476.257324,179.565429,449.768068,447.69287,195.678711,300.079346,341.491698,152.404786,275.360107,209.686279,217.407229,208.984373,383.758546,224.426269,244.262695,203.063963,165.588378,283.233641,251.647948,172.424317,277.801512,183.959961,179.870604,239.532471,204.711913,178.924563,256.042481,247.680664,188.751219,190.582275,207.550049,208.953858,185.852052,175.018311,182.678222,260.83374,240.722656,198.791503,183.715821,228.881835,225.708008,213.928224,188.781737


TOTAL: 40129.638661
MEAN: 422.4172490



NIET MEER CORRECT
-----------------

1204.711914,1871.795654,992.218019,280.456543,1935.638428,891.571042
Total: 47306.030261
Mean: 468.3765372376238
Stddev: 303.75403502342925