
Values: 14.831543,10.742188,22.705079,7.965088,23.498534,5.004882,10.131836,27.587889,14.648438,13.793947,28.900146,5.493164,11.322022,27.954102,18.493652,11.779785,5.432128,12.023925,8.087157,8.209229,16.845704,11.444092,11.383057,21.057129,7.171631,5.340577,7.995604,6.347656,31.829835,4.760742,6.927489,15.655518,7.263183,10.284423,6.958008,10.986328,8.270265,11.444093,12.634278,15.533447,11.138915,17.547606,11.291503,17.517091,23.28491,6.134033,11.505128,7.56836,8.422852,9.552002,32.440184,10.0708,13.21411,11.138915,8.300781,11.291503,11.840819,11.901857,16.418456,17.089844,5.859374,17.700195,10.22339,9.216308,8.544923,6.92749,25.024414,10.650634,14.709473,7.690429,9.613036,6.500244,13.61084,8.331298,10.314942,10.040284,20.41626,8.544922,13.824463,13.977052,10.253905,21.972657,12.60376,12.878418,10.650636,7.232666,13.427734,13.549804,14.404297,6.652832,10.71167,8.422852,20.721436,11.749268,6.072998

TOTAL: 1199.432366
MEAN: 12.625603853


NIET MEER CORRECT
-----------------
,18.249512,14.312746,15.350343,21.789551,15.869142,14.221192
Total: 1299.2248520000007
Mean: 12.863612396039612
Stddev: 4.600241527889423