
Values: 12.573242,14.373779,11.016845,260.71167,72.662354,38.238527,13.092041,70.55664,11.566161,13.061524,13.031007,70.678712,8.728027,20.782471,28.320312,15.808106,10.284423,11.779786,14.404297,8.728028,17.974854,14.495849,20.080568,36.89575,26.733399,18.920899,16.235351,10.864257,9.521484,7.965088,26.7334,25.512696,14.556885,23.864746,47.424317,15.50293,12.359619,17.822266,12.72583,11.016846,13.336182,10.650635,84.899902,23.315428,34.118654,20.965575,79.040527,18.249513,13.153077,18.52417,10.742188,9.521485,12.481689,23.590086,17.181396,13.122558,17.730712,13.885498,13.031006,8.789063
Total: 1563.9343299999996
Mean: 26.06557216666666
Stddev: 17.938724194444436