%YAML:1.0
calibration_time: "Tue Oct 28 17:26:27 2014"
image_width: 4128
image_height: 3096
board_width: 9
board_height: 6
square_size: 2.5499999523162842e-02
flags: 0
camera_matrix: !!opencv-matrix
   rows: 3
   cols: 3
   dt: d
   data: [ 3.9843167356641216e+03, 0., 2.0515487610460705e+03, 0.,
       3.9897213602113516e+03, 1.5896838037865962e+03, 0., 0., 1. ]
distortion_coefficients: !!opencv-matrix
   rows: 5
   cols: 1
   dt: d
   data: [ 2.2178035045388822e-01, -7.5713431282671162e-01,
       1.4338716229888870e-03, -1.8485054183799005e-03,
       7.9995501154793014e-01 ]
avg_reprojection_error: 1.0239859646790794e+00
image_points: !!opencv-matrix
   rows: 25
   cols: 54
   dt: "2f"
   data: [ 3.62591125e+02, 7.54386597e+02, 5.55024048e+02,
       7.54819824e+02, 7.49150513e+02, 7.56029724e+02, 9.44451111e+02,
       7.57206726e+02, 1.13822534e+03, 7.58492432e+02, 1.33132495e+03,
       7.60122437e+02, 1.52463562e+03, 7.61953064e+02, 1.71569153e+03,
       7.63302307e+02, 1.90592163e+03, 7.64277039e+02, 3.70416321e+02,
       9.49739014e+02, 5.65239746e+02, 9.50384949e+02, 7.57943848e+02,
       9.50980286e+02, 9.52384216e+02, 9.52670227e+02, 1.14532739e+03,
       9.53658325e+02, 1.33753857e+03, 9.55486084e+02, 1.52891833e+03,
       9.57126099e+02, 1.71869006e+03, 9.58018433e+02, 1.90754382e+03,
       9.58233398e+02, 3.78959167e+02, 1.14271582e+03, 5.72409058e+02,
       1.14329651e+03, 7.65781860e+02, 1.14370911e+03, 9.59516968e+02,
       1.14470337e+03, 1.15157422e+03, 1.14582007e+03, 1.34228528e+03,
       1.14737354e+03, 1.53323572e+03, 1.14808984e+03, 1.72098389e+03,
       1.14882446e+03, 1.90850830e+03, 1.14925366e+03, 3.86533600e+02,
       1.33523376e+03, 5.80476746e+02, 1.33513330e+03, 7.72578430e+02,
       1.33558679e+03, 9.66052979e+02, 1.33603894e+03, 1.15713403e+03,
       1.33675183e+03, 1.34720862e+03, 1.33738379e+03, 1.53628333e+03,
       1.33784534e+03, 1.72322803e+03, 1.33811694e+03, 1.90958130e+03,
       1.33828418e+03, 3.94686646e+02, 1.52462231e+03, 5.87164551e+02,
       1.52433447e+03, 7.78450317e+02, 1.52419202e+03, 9.71278625e+02,
       1.52404700e+03, 1.16174365e+03, 1.52412549e+03, 1.35063208e+03,
       1.52435352e+03, 1.53905469e+03, 1.52441943e+03, 1.72512830e+03,
       1.52417188e+03, 1.91065076e+03, 1.52426367e+03, 4.02855469e+02,
       1.71174097e+03, 5.93514832e+02, 1.71121082e+03, 7.84470947e+02,
       1.71068823e+03, 9.76132629e+02, 1.71034167e+03, 1.16569458e+03,
       1.70955188e+03, 1.35380347e+03, 1.70927393e+03, 1.54129297e+03,
       1.70874304e+03, 1.72685339e+03, 1.70830859e+03, 1.91133130e+03,
       1.70797583e+03, 1.15253137e+03, 7.09702209e+02, 1.33868799e+03,
       7.10845032e+02, 1.52572815e+03, 7.11602905e+02, 1.71390857e+03,
       7.13212341e+02, 1.90054407e+03, 7.13321411e+02, 2.08753418e+03,
       7.13079041e+02, 2.27614990e+03, 7.12556519e+02, 2.46477710e+03,
       7.10820862e+02, 2.65463086e+03, 7.09581116e+02, 1.15803735e+03,
       9.00253662e+02, 1.34445459e+03, 9.02215088e+02, 1.53037183e+03,
       9.04028625e+02, 1.71671729e+03, 9.04839844e+02, 1.90202527e+03,
       9.05225098e+02, 2.08695093e+03, 9.05050415e+02, 2.27360547e+03,
       9.05078064e+02, 2.46082886e+03, 9.04021973e+02, 2.64904785e+03,
       9.02575195e+02, 1.16418237e+03, 1.08880383e+03, 1.34926843e+03,
       1.09015564e+03, 1.53388525e+03, 1.09124695e+03, 1.71916394e+03,
       1.09241003e+03, 1.90283167e+03, 1.09287195e+03, 2.08636011e+03,
       1.09345105e+03, 2.27184424e+03, 1.09322888e+03, 2.45743921e+03,
       1.09294409e+03, 2.64462476e+03, 1.09261658e+03, 1.16890125e+03,
       1.27499829e+03, 1.35399573e+03, 1.27629980e+03, 1.53688965e+03,
       1.27745642e+03, 1.72070251e+03, 1.27812805e+03, 1.90328870e+03,
       1.27870398e+03, 2.08587427e+03, 1.27961914e+03, 2.27024438e+03,
       1.28000684e+03, 2.45429810e+03, 1.28031567e+03, 2.63988452e+03,
       1.28034033e+03, 1.17360876e+03, 1.45820166e+03, 1.35725391e+03,
       1.45861426e+03, 1.53947705e+03, 1.45993921e+03, 1.72214221e+03,
       1.46052673e+03, 1.90371155e+03, 1.46129468e+03, 2.08514453e+03,
       1.46239307e+03, 2.26827515e+03, 1.46311719e+03, 2.45131274e+03,
       1.46352112e+03, 2.63623901e+03, 1.46461609e+03, 1.17822095e+03,
       1.63869287e+03, 1.36038916e+03, 1.63940515e+03, 1.54171094e+03,
       1.64035681e+03, 1.72353613e+03, 1.64114600e+03, 1.90386987e+03,
       1.64204053e+03, 2.08480859e+03, 1.64306824e+03, 2.26661401e+03,
       1.64426770e+03, 2.44909277e+03, 1.64525989e+03, 2.63251270e+03,
       1.64638342e+03, 2.28613574e+03, 7.05678528e+02, 2.46717310e+03,
       7.04389465e+02, 2.65089624e+03, 7.02911072e+02, 2.83784570e+03,
       7.01457214e+02, 3.02587109e+03, 6.99725830e+02, 3.21573413e+03,
       6.98031799e+02, 3.40799927e+03, 6.97436157e+02, 3.60022192e+03,
       6.96503784e+02, 3.79444263e+03, 6.95655945e+02, 2.28265356e+03,
       8.89947083e+02, 2.46276538e+03, 8.90228088e+02, 2.64498950e+03,
       8.89525574e+02, 2.83020068e+03, 8.88686890e+02, 3.01732397e+03,
       8.87655762e+02, 3.20580859e+03, 8.87110901e+02, 3.39700098e+03,
       8.86452942e+02, 3.58870703e+03, 8.86511841e+02, 3.78231372e+03,
       8.86724548e+02, 2.27981470e+03, 1.07115747e+03, 2.45831714e+03,
       1.07181262e+03, 2.63877954e+03, 1.07227051e+03, 2.82307275e+03,
       1.07267871e+03, 3.00859009e+03, 1.07239355e+03, 3.19690356e+03,
       1.07278589e+03, 3.38745605e+03, 1.07304797e+03, 3.57820288e+03,
       1.07385315e+03, 3.77040308e+03, 1.07461877e+03, 2.27696338e+03,
       1.25047180e+03, 2.45394238e+03, 1.25199988e+03, 2.63330933e+03,
       1.25354272e+03, 2.81621484e+03, 1.25475830e+03, 3.00079590e+03,
       1.25583081e+03, 3.18780347e+03, 1.25702307e+03, 3.37758374e+03,
       1.25881567e+03, 3.56753369e+03, 1.25999292e+03, 3.75920728e+03,
       1.26198132e+03, 2.27411279e+03, 1.42638037e+03, 2.45029199e+03,
       1.42831201e+03, 2.62844995e+03, 1.43088208e+03, 2.81056201e+03,
       1.43318005e+03, 2.99349243e+03, 1.43503748e+03, 3.17979492e+03,
       1.43795044e+03, 3.36845215e+03, 1.44069519e+03, 3.55744653e+03,
       1.44312720e+03, 3.74746948e+03, 1.44631812e+03, 2.27126123e+03,
       1.59961084e+03, 2.44654688e+03, 1.60305640e+03, 2.62397754e+03,
       1.60626160e+03, 2.80444141e+03, 1.61008496e+03, 2.98706030e+03,
       1.61300330e+03, 3.17229224e+03, 1.61709009e+03, 3.36001929e+03,
       1.62042224e+03, 3.54735596e+03, 1.62408020e+03, 3.73697827e+03,
       1.62739966e+03, 2.21024634e+03, 1.48563989e+03, 2.38659009e+03,
       1.48576208e+03, 2.56552856e+03, 1.48642603e+03, 2.74873975e+03,
       1.48708130e+03, 2.93388965e+03, 1.48725439e+03, 3.12260718e+03,
       1.48772583e+03, 3.31491333e+03, 1.48841821e+03, 3.50733496e+03,
       1.48828931e+03, 3.70149292e+03, 1.48891846e+03, 2.20874438e+03,
       1.66126099e+03, 2.38529126e+03, 1.66296436e+03, 2.56423584e+03,
       1.66451892e+03, 2.74719678e+03, 1.66665381e+03, 2.93218896e+03,
       1.66837500e+03, 3.12027881e+03, 1.67000818e+03, 3.31207495e+03,
       1.67176038e+03, 3.50456885e+03, 1.67357263e+03, 3.69817383e+03,
       1.67527014e+03, 2.20791309e+03, 1.83755725e+03, 2.38420386e+03,
       1.83985718e+03, 2.56313843e+03, 1.84241907e+03, 2.74581885e+03,
       1.84553149e+03, 2.93061523e+03, 1.84847046e+03, 3.11867822e+03,
       1.85217249e+03, 3.31043213e+03, 1.85541187e+03, 3.50232031e+03,
       1.85806885e+03, 3.69637646e+03, 1.86159009e+03, 2.20693408e+03,
       2.01445227e+03, 2.38332104e+03, 2.01768030e+03, 2.56218506e+03,
       2.02161328e+03, 2.74513623e+03, 2.02595679e+03, 2.92994873e+03,
       2.03079944e+03, 3.11796484e+03, 2.03581860e+03, 3.30885620e+03,
       2.03967542e+03, 3.50036694e+03, 2.04392896e+03, 3.69402881e+03,
       2.04862183e+03, 2.20567432e+03, 2.19094360e+03, 2.38303931e+03,
       2.19536133e+03, 2.56186157e+03, 2.20028906e+03, 2.74499170e+03,
       2.20602588e+03, 2.92972461e+03, 2.21170020e+03, 3.11703979e+03,
       2.21755469e+03, 3.30717383e+03, 2.22320923e+03, 3.49875049e+03,
