%YAML:1.0
calibration_time: "Tue Oct 14 21:58:41 2014"
image_width: 2592
image_height: 1944
board_width: 9
board_height: 6
square_size: 2.6000000536441803e-02
flags: 0
camera_matrix: !!opencv-matrix
   rows: 3
   cols: 3
   dt: d
   data: [ 2.4780868779877774e+03, 0., 1.3041123140479408e+03, 0.,
       2.4971864158891544e+03, 1.0137538530678681e+03, 0., 0., 1. ]
distortion_coefficients: !!opencv-matrix
   rows: 5
   cols: 1
   dt: d
   data: [ 5.1346318128296764e-01, -2.4433378935903329e+00,
       5.5964545311127231e-03, 1.3924791384152693e-03,
       1.0065896331979862e+00 ]
avg_reprojection_error: 3.8081036317001717e+00
image_points: !!opencv-matrix
   rows: 5
   cols: 54
   dt: "2f"
   data: [ 1.58661951e+03, 1.42168872e+03, 1.45828137e+03,
       1.38353955e+03, 1.34386328e+03, 1.35410596e+03, 1.23585510e+03,
       1.32392676e+03, 1.14043896e+03, 1.30106409e+03, 1.04642847e+03,
       1.27409497e+03, 9.60494568e+02, 1.25712878e+03, 8.77835327e+02,
       1.23211804e+03, 8.00194397e+02, 1.22009607e+03, 1.58916052e+03,
       1.24616858e+03, 1.46113098e+03, 1.22095190e+03, 1.34321545e+03,
       1.19642798e+03, 1.23804016e+03, 1.17429297e+03, 1.13998657e+03,
       1.15352063e+03, 1.04855664e+03, 1.13832605e+03, 9.59990295e+02,
       1.11831250e+03, 8.78850342e+02, 1.10774646e+03, 7.94184082e+02,
       1.09349866e+03, 1.59349097e+03, 1.07248022e+03, 1.46461353e+03,
       1.05394629e+03, 1.34731116e+03, 1.03662292e+03, 1.24063660e+03,
       1.02198840e+03, 1.14273853e+03, 1.00975232e+03, 1.04721582e+03,
       9.96601746e+02, 9.59652588e+02, 9.86060303e+02, 8.77779968e+02,
       9.71466492e+02, 7.99453674e+02, 9.67573486e+02, 1.59685657e+03,
       8.93685181e+02, 1.46942102e+03, 8.85747009e+02, 1.35106702e+03,
       8.75743713e+02, 1.24377112e+03, 8.69261169e+02, 1.14081506e+03,
       8.61738220e+02, 1.04860181e+03, 8.54696045e+02, 9.60554504e+02,
       8.47309814e+02, 8.78143982e+02, 8.44221069e+02, 7.95970337e+02,
       8.36532898e+02, 1.59995325e+03, 7.14550842e+02, 1.46923389e+03,
       7.14706360e+02, 1.35174634e+03, 7.13340759e+02, 1.24073938e+03,
       7.13285156e+02, 1.14282495e+03, 7.12420654e+02, 1.04580347e+03,
       7.12349243e+02, 9.60753235e+02, 7.11826965e+02, 8.71163574e+02,
       7.12388977e+02, 7.98618530e+02, 7.11136169e+02, 1.61251099e+03,
       5.32329041e+02, 1.47628174e+03, 5.40314636e+02, 1.35351489e+03,
       5.49630981e+02, 1.24436914e+03, 5.54347778e+02, 1.14224731e+03,
       5.59595032e+02, 1.04869849e+03, 5.65928589e+02, 9.58582947e+02,
       5.69370117e+02, 8.72408386e+02, 5.72129211e+02, 7.99547546e+02,
       5.75714294e+02, 2.19424048e+03, 1.31944958e+03, 1.97721082e+03,
       1.31886609e+03, 1.76243713e+03, 1.31991687e+03, 1.54993896e+03,
       1.31846594e+03, 1.34174854e+03, 1.31851611e+03, 1.13465930e+03,
       1.31616321e+03, 9.25656189e+02, 1.31298291e+03, 7.15784424e+02,
       1.30834656e+03, 5.03333130e+02, 1.30075146e+03, 2.14995654e+03,
       1.14894604e+03, 1.94392969e+03, 1.15057812e+03, 1.74081299e+03,
       1.15060828e+03, 1.54002295e+03, 1.15252966e+03, 1.34286572e+03,
       1.15308789e+03, 1.14696729e+03, 1.15124109e+03, 9.49640503e+02,
       1.14673315e+03, 7.51418396e+02, 1.14261609e+03, 5.50039368e+02,
       1.13633789e+03, 2.10987256e+03, 9.98091858e+02, 1.91410657e+03,
       1.00035632e+03, 1.72139600e+03, 1.00364099e+03, 1.53130591e+03,
       1.00515717e+03, 1.34448267e+03, 1.00560345e+03, 1.15838538e+03,
       1.00277875e+03, 9.70922791e+02, 9.99934082e+02, 7.82526123e+02,
       9.94499573e+02, 5.91455505e+02, 9.86591492e+02, 2.07396436e+03,
       8.58668762e+02, 1.88801599e+03, 8.63946045e+02, 1.70467102e+03,
       8.67457214e+02, 1.52343774e+03, 8.69909485e+02, 1.34533972e+03,
       8.69924072e+02, 1.16830627e+03, 8.68204956e+02, 9.89524048e+02,
       8.65787292e+02, 8.11143860e+02, 8.61093628e+02, 6.29078308e+02,
       8.53199829e+02, 2.04250354e+03, 7.32644592e+02, 1.86504004e+03,
       7.37516235e+02, 1.69004260e+03, 7.42444946e+02, 1.51668066e+03,
       7.44799927e+02, 1.34658069e+03, 7.47446594e+02, 1.17699817e+03,
       7.45522339e+02, 1.00672638e+03, 7.43672791e+02, 8.35451782e+02,
       7.38797546e+02, 6.62730957e+02, 7.31708008e+02, 2.01155188e+03,
       6.26421875e+02, 1.84358276e+03, 6.28174683e+02, 1.67645715e+03,
       6.29934021e+02, 1.51100842e+03, 6.32045959e+02, 1.34754565e+03,
       6.33650146e+02, 1.18554114e+03, 6.33028992e+02, 1.02166742e+03,
       6.31044556e+02, 8.58485046e+02, 6.27443298e+02, 6.93450562e+02,
       6.22150879e+02, 1.92187488e+03, 1.42940173e+03, 1.82601074e+03,
       1.43431970e+03, 1.72203210e+03, 1.43886450e+03, 1.61153101e+03,
       1.44465247e+03, 1.49400427e+03, 1.45097998e+03, 1.36875513e+03,
       1.45909277e+03, 1.23352234e+03, 1.46874426e+03, 1.08810742e+03,
       1.48110583e+03, 9.28455078e+02, 1.49545703e+03, 1.93779211e+03,
       1.28795752e+03, 1.84144873e+03, 1.28739697e+03, 1.73893896e+03,
       1.28736145e+03, 1.62810327e+03, 1.28700928e+03, 1.51081799e+03,
       1.28713550e+03, 1.38678369e+03, 1.28819543e+03, 1.25339172e+03,
       1.29064465e+03, 1.10840015e+03, 1.29309497e+03, 9.49180237e+02,
       1.29737134e+03, 1.95253552e+03, 1.14600330e+03, 1.85588672e+03,
       1.14084814e+03, 1.75277502e+03, 1.13516577e+03, 1.64310376e+03,
       1.12960303e+03, 1.52721655e+03, 1.12372522e+03, 1.40513940e+03,
       1.11825012e+03, 1.27102087e+03, 1.11226013e+03, 1.12764075e+03,
       1.10642542e+03, 9.70496948e+02, 1.10031421e+03, 1.96982678e+03,
       1.00329468e+03, 1.87230566e+03, 9.93021423e+02, 1.76973669e+03,
       9.82645691e+02, 1.66034692e+03, 9.71632324e+02, 1.54548047e+03,
       9.59660461e+02, 1.42295740e+03, 9.46815369e+02, 1.28952832e+03,
       9.33275757e+02, 1.14587988e+03, 9.18504883e+02, 9.89668640e+02,
       9.01925232e+02, 1.98755981e+03, 8.60750793e+02, 1.89138220e+03,
       8.46418945e+02, 1.78899084e+03, 8.30630737e+02, 1.68058215e+03,
       8.14036011e+02, 1.56420288e+03, 7.95939819e+02, 1.44228906e+03,
       7.76201172e+02, 1.30865259e+03, 7.54643555e+02, 1.16587000e+03,
       7.31158447e+02, 1.00855786e+03, 7.04474854e+02, 1.99741943e+03,
       7.18222412e+02, 1.90547009e+03, 6.98520996e+02, 1.80620996e+03,
       6.77425354e+02, 1.69884387e+03, 6.54801147e+02, 1.58372546e+03,
       6.30470764e+02, 1.46138525e+03, 6.03730774e+02, 1.32856360e+03,
       5.74460999e+02, 1.18388586e+03, 5.41463745e+02, 1.02614282e+03,
       5.04740997e+02, 1.99915088e+03, 1.41797131e+03, 1.84253711e+03,
       1.41598303e+03, 1.68515125e+03, 1.41295056e+03, 1.52790771e+03,
       1.41075208e+03, 1.37131177e+03, 1.40969788e+03, 1.21440442e+03,
       1.40944336e+03, 1.05455151e+03, 1.41062231e+03, 8.93699097e+02,
       1.41331799e+03, 7.28880676e+02, 1.41701428e+03, 2.00750513e+03,
       1.26458154e+03, 1.84846094e+03, 1.26176147e+03, 1.69050671e+03,
       1.25953955e+03, 1.53196875e+03, 1.25700513e+03, 1.37461255e+03,
       1.25512842e+03, 1.21669995e+03, 1.25459534e+03, 1.05653113e+03,
       1.25507239e+03, 8.94378906e+02, 1.25601099e+03, 7.28618408e+02,
       1.25801123e+03, 2.01542151e+03, 1.10842139e+03, 1.85540662e+03,
       1.10595996e+03, 1.69551050e+03, 1.10331018e+03, 1.53658044e+03,
       1.10110229e+03, 1.37820508e+03, 1.09931567e+03, 1.21931226e+03,
       1.09815454e+03, 1.05809216e+03, 1.09755603e+03, 8.94782715e+02,
       1.09702881e+03, 7.27864197e+02, 1.09750854e+03, 2.02527759e+03,
       9.49773132e+02, 1.86302100e+03, 9.47326782e+02, 1.70242139e+03,
       9.44755615e+02, 1.54134424e+03, 9.42517883e+02, 1.38190955e+03,
       9.40448975e+02, 1.22177490e+03, 9.38545593e+02, 1.05915613e+03,
       9.36713928e+02, 8.94929810e+02, 9.35123230e+02, 7.26661316e+02,
       9.33494873e+02, 2.03544165e+03, 7.88840149e+02, 1.87212146e+03,
       7.86684692e+02, 1.70962463e+03, 7.84714294e+02, 1.54743701e+03,
       7.82417114e+02, 1.38602380e+03, 7.79839233e+02, 1.22478625e+03,
       7.77053223e+02, 1.06051160e+03, 7.74418945e+02, 8.94780029e+02,
