<?xml version="1.0"?>
<opencv_storage>
<cameraMatrix type_id="opencv-matrix">
  <rows>3</rows>
  <cols>3</cols>
  <dt>d</dt>
  <data>
    3.0922065735623742e+03 0. 6.3950000000000000e+02 0.
    3.0922065735623742e+03 3.5950000000000000e+02 0. 0. 1.</data></cameraMatrix>
<distCoeffs type_id="opencv-matrix">
  <rows>5</rows>
  <cols>1</cols>
  <dt>d</dt>
  <data>
    1.3952089917657751e+00 -3.4663725078575915e+01 0. 0.
    3.7556714726100085e+02</data></distCoeffs>
</opencv_storage>
