%YAML:1.0
calibration_time: "Fri Oct 17 18:44:51 2014"
image_width: 1280
image_height: 720
board_width: 9
board_height: 6
square_size: 2.6000000536441803e-02
flags: 0
camera_matrix: !!opencv-matrix
   rows: 3
   cols: 3
   dt: d
   data: [ 1.2068037833714923e+03, 0., 6.4112579853342288e+02, 0.,
       1.2059609801846543e+03, 3.5649999102167192e+02, 0., 0., 1. ]
distortion_coefficients: !!opencv-matrix
   rows: 5
   cols: 1
   dt: d
   data: [ 2.1447420534987077e-01, -7.3978321398051272e-01,
       -1.9430635511548627e-03, -1.0817200740802864e-03,
       8.8773266949125917e-01 ]
avg_reprojection_error: 3.6216725571780994e-01
image_points: !!opencv-matrix
   rows: 22
   cols: 54
   dt: "2f"
   data: [ 1.21752350e+02, 1.11665276e+02, 1.77481384e+02,
       1.13130402e+02, 2.32724426e+02, 1.14685654e+02, 2.88026886e+02,
       1.16445778e+02, 3.42372223e+02, 1.18176155e+02, 3.96117676e+02,
       1.19918045e+02, 4.49550079e+02, 1.21685310e+02, 5.01840149e+02,
       1.23366295e+02, 5.53592346e+02, 1.24857536e+02, 1.23785988e+02,
       1.66141693e+02, 1.79632370e+02, 1.67312592e+02, 2.34863342e+02,
       1.68647995e+02, 2.89710632e+02, 1.70102127e+02, 3.43780365e+02,
       1.71605713e+02, 3.97205261e+02, 1.73137344e+02, 4.50179169e+02,
       1.74594391e+02, 5.02203247e+02, 1.75942383e+02, 5.53480957e+02,
       1.77219025e+02, 1.26057678e+02, 2.19835724e+02, 1.81670456e+02,
       2.20841980e+02, 2.36342178e+02, 2.21962173e+02, 2.91266602e+02,
       2.23004166e+02, 3.44875366e+02, 2.24305695e+02, 3.98144745e+02,
       2.25545303e+02, 4.50761658e+02, 2.26614670e+02, 5.02381927e+02,
       2.27635223e+02, 5.53379395e+02, 2.28574219e+02, 1.28297562e+02,
       2.73248016e+02, 1.83852173e+02, 2.73704071e+02, 2.38483658e+02,
       2.74503082e+02, 2.92910461e+02, 2.75346466e+02, 3.46462982e+02,
       2.76244537e+02, 3.99235504e+02, 2.77032684e+02, 4.51417969e+02,
       2.77878571e+02, 5.02579163e+02, 2.78587006e+02, 5.53160706e+02,
       2.79210236e+02, 1.30599655e+02, 3.25725647e+02, 1.85758026e+02,
       3.26062683e+02, 2.40163483e+02, 3.26390717e+02, 2.94356201e+02,
       3.26881805e+02, 3.47478088e+02, 3.27441406e+02, 4.00030548e+02,
       3.27845367e+02, 4.51837738e+02, 3.28300415e+02, 5.02554901e+02,
       3.28729431e+02, 5.52751282e+02, 3.29395203e+02, 1.32911331e+02,
       3.77563629e+02, 1.87452805e+02, 3.77623230e+02, 2.41514709e+02,
       3.77632812e+02, 2.95231689e+02, 3.77912781e+02, 3.48152649e+02,
       3.78113708e+02, 4.00361267e+02, 3.78223114e+02, 4.52073914e+02,
       3.78321014e+02, 5.02476898e+02, 3.78277130e+02, 5.52420044e+02,
       3.78484253e+02, 1.00732544e+02, 3.46970917e+02, 1.57903427e+02,
       3.47646027e+02, 2.14762405e+02, 3.48429382e+02, 2.71685638e+02,
       3.49111603e+02, 3.27730713e+02, 3.49717834e+02, 3.83142090e+02,
       3.50399902e+02, 4.37819183e+02, 3.51071564e+02, 4.91419464e+02,
       3.51618378e+02, 5.44553162e+02, 3.52260681e+02, 1.01321243e+02,
       4.01905365e+02, 1.58911804e+02, 4.02156647e+02, 2.15687073e+02,
       4.02473755e+02, 2.72186615e+02, 4.02823029e+02, 3.28008026e+02,
       4.03272034e+02, 3.83118103e+02, 4.03537506e+02, 4.37640106e+02,
       4.03896545e+02, 4.91290253e+02, 4.04185150e+02, 5.44090027e+02,
       4.04443054e+02, 1.02098305e+02, 4.56287689e+02, 1.59406891e+02,
       4.56274384e+02, 2.15702148e+02, 4.56471008e+02, 2.72367493e+02,
       4.56405914e+02, 3.27833557e+02, 4.56526001e+02, 3.82952972e+02,
       4.56428955e+02, 4.37430450e+02, 4.56451843e+02, 4.90802216e+02,
       4.56408936e+02, 5.43599365e+02, 4.56446045e+02, 1.02892799e+02,
       5.10612671e+02, 1.60278870e+02, 5.09964569e+02, 2.16632202e+02,
       5.09766205e+02, 2.72865173e+02, 5.09538666e+02, 3.28211151e+02,
       5.09298889e+02, 3.82987335e+02, 5.08822510e+02, 4.37318237e+02,
       5.08573486e+02, 4.90540558e+02, 5.08351074e+02, 5.43178894e+02,
       5.08107544e+02, 1.03868248e+02, 5.64438782e+02, 1.60864807e+02,
       5.63569458e+02, 2.17011459e+02, 5.63100708e+02, 2.72965057e+02,
       5.62550171e+02, 3.28041809e+02, 5.62013916e+02, 3.82658752e+02,
       5.61393372e+02, 4.36830902e+02, 5.60611328e+02, 4.89948395e+02,
       5.60195557e+02, 5.42437195e+02, 5.60373474e+02, 1.04817795e+02,
       6.17596680e+02, 1.61244675e+02, 6.16886658e+02, 2.17139114e+02,
       6.16185852e+02, 2.72608765e+02, 6.15656921e+02, 3.27490387e+02,
       6.15069580e+02, 3.82035339e+02, 6.14080322e+02, 4.36158783e+02,
       6.13159180e+02, 4.89352814e+02, 6.12121460e+02, 5.41730347e+02,
       6.11538330e+02, 7.04943848e+02, 3.55681458e+02, 7.56813171e+02,
       3.55388489e+02, 8.09207458e+02, 3.55142670e+02, 8.62480164e+02,
       3.54713104e+02, 9.15860535e+02, 3.54376923e+02, 9.70035950e+02,
       3.54045502e+02, 1.02499475e+03, 3.53831268e+02, 1.07979553e+03,
       3.53488739e+02, 1.13457422e+03, 3.53029205e+02, 7.05355225e+02,
       4.06757080e+02, 7.57045349e+02, 4.06472656e+02, 8.09100098e+02,
       4.06389679e+02, 8.62186035e+02, 4.06434357e+02, 9.15535889e+02,
       4.06435303e+02, 9.69622498e+02, 4.06452759e+02, 1.02435583e+03,
       4.06309418e+02, 1.07875012e+03, 4.06201813e+02, 1.13339185e+03,
       4.06052917e+02, 7.05749451e+02, 4.57495087e+02, 7.57287537e+02,
       4.57319366e+02, 8.09458069e+02, 4.57782440e+02, 8.62166748e+02,
       4.57626282e+02, 9.15480896e+02, 4.58088989e+02, 9.69159729e+02,
       4.58209534e+02, 1.02376440e+03, 4.58613495e+02, 1.07805945e+03,
       4.58488800e+02, 1.13262720e+03, 4.58590271e+02, 7.06319336e+02,
       5.08157135e+02, 7.57671326e+02, 5.07944824e+02, 8.09361206e+02,
       5.08245178e+02, 8.62140015e+02, 5.08662933e+02, 9.15035645e+02,
       5.09117767e+02, 9.68568054e+02, 5.09523376e+02, 1.02261188e+03,
       5.09974274e+02, 1.07670056e+03, 5.10330048e+02, 1.13104895e+03,
       5.10420685e+02, 7.06733887e+02, 5.58511047e+02, 7.58039490e+02,
       5.58449341e+02, 8.09736755e+02, 5.58950195e+02, 8.62161255e+02,
       5.59648499e+02, 9.14935242e+02, 5.60333557e+02, 9.68214294e+02,
       5.60789490e+02, 1.02174701e+03, 5.61302490e+02, 1.07565759e+03,
       5.61912659e+02, 1.13063281e+03, 5.62926941e+02, 7.07212219e+02,
       6.08560059e+02, 7.58488586e+02, 6.09103760e+02, 8.09979248e+02,
       6.09473694e+02, 8.62606567e+02, 6.10653076e+02, 9.15104797e+02,
       6.11380615e+02, 9.68261475e+02, 6.12203918e+02, 1.02169940e+03,
       6.12759888e+02, 1.07499194e+03, 6.13233215e+02, 1.12907764e+03,
       6.13662231e+02, 7.18912659e+02, 1.10628036e+02, 7.73651978e+02,
       1.10882774e+02, 8.28952881e+02, 1.11145332e+02, 8.85085571e+02,
       1.11270668e+02, 9.41101440e+02, 1.11420113e+02, 9.97542969e+02,
       1.11597458e+02, 1.05471997e+03, 1.11930069e+02, 1.11199097e+03,
       1.12346626e+02, 1.16936487e+03, 1.12610924e+02, 7.17542969e+02,
       1.66362640e+02, 7.71649597e+02, 1.66645462e+02, 8.26346375e+02,
       1.67110703e+02, 8.81879578e+02, 1.67322845e+02, 9.37632324e+02,
       1.67604385e+02, 9.93940125e+02, 1.68027512e+02, 1.05080493e+03,
       1.68439789e+02, 1.10740369e+03, 1.68959244e+02, 1.16422998e+03,
       1.69398956e+02, 7.16276062e+02, 2.20553421e+02, 7.69780273e+02,
       2.21171326e+02, 8.23997192e+02, 2.21737564e+02, 8.78913391e+02,
       2.22227615e+02, 9.34467407e+02, 2.22902557e+02, 9.90155029e+02,
       2.23358841e+02, 1.04664880e+03, 2.23996536e+02, 1.10311108e+03,
       2.24705887e+02, 1.15959924e+03, 2.25414612e+02, 7.15043457e+02,
       2.73961487e+02, 7.67946838e+02, 2.74536926e+02, 8.21504333e+02,
       2.75346802e+02, 8.75875427e+02, 2.76147125e+02, 9.30758972e+02,
       2.76945770e+02, 9.86017944e+02, 2.77637756e+02, 1.04216565e+03,
       2.78558197e+02, 1.09795959e+03, 2.79367493e+02, 1.15414832e+03,
       2.80362488e+02, 7.13740601e+02, 3.26233612e+02, 7.66293335e+02,
       3.26946106e+02, 8.19358521e+02, 3.27944611e+02, 8.73173767e+02,
       3.28989868e+02, 9.27437500e+02, 3.30028625e+02, 9.82334656e+02,
       3.31113495e+02, 1.03775415e+03, 3.31950531e+02, 1.09328003e+03,
